20.4586	31.2541
21.0834	29.809
21.7081	27.855
22.3327	27.4414
22.9573	26.2321
23.5819	25.3703
24.2064	25.0318
24.8308	24.9838
25.4541	25.7892
26.0784	25.2435
26.7017	24.2926
27.3248	23.6271
27.9489	23.6719
28.572	24.1673
29.195	24.8202
29.8179	25.3184
30.4408	25.6361
31.0626	25.7972
31.6854	25.7961
32.3081	25.6656
32.9297	25.2306
33.5513	24.7051
34.1738	24.1277
34.7953	23.5512
35.4167	23.7621
36.038	23.6718
36.6593	23.7944
37.2805	23.9798
37.9017	24.1933
38.5218	24.3908
39.1429	24.6475
39.7628	24.9107
40.3838	25.1927
41.0036	25.4541
41.6235	25.714
42.2432	25.8884
42.8629	25.5619
43.4825	22.0112
44.1021	23.2726
44.7216	24.0172
45.3401	24.2274
45.9595	24.5601
46.5788	24.8599
47.1971	24.5031
47.8153	25.2161
48.4335	25.385
49.0516	25.6168
49.6696	24.9774
50.2876	24.5731
50.9055	23.2473
51.5234	24.7981
52.1402	24.1871
52.7579	27.2184
53.3746	28.6422
53.9923	29.1867
54.6088	28.3528
55.2254	28.583
55.8418	28.7719
56.4582	29.0211
57.0746	29.424
57.6908	28.639
58.3061	28.3731
58.9223	28.5249
59.5384	28.9736
60.1534	29.7827
60.7684	27.3961
61.3834	26.4547
61.9992	26.4081
62.614	26.8149
63.2288	27.1404
63.8425	28.0142
64.4572	28.7892
65.0718	29.4511
65.6853	29.876
66.2998	30.0117
66.9132	29.8886
67.5266	30.1115
68.1408	30.4961
68.7541	30.9698
69.3673	32.2729
69.9804	32.2023
70.5925	32.0434
71.2055	31.7553
71.8185	31.3192
72.4304	30.6532
73.0432	29.7267
73.655	28.8262
74.2667	27.9545
74.8784	27.1005
75.49	26.0697
76.1016	25.4506
76.7131	25.8264
77.3245	26.9458
77.9349	28.2931
78.5462	28.08
79.1565	27.8125
79.7677	27.2452
80.3779	25.5293
80.988	24.5306
81.598	26.8626
82.208	29.8772
82.818	30.6533
83.4278	30.8717
84.0376	30.92
84.6464	30.7951
85.2561	30.5698
85.8648	30.2701
86.4744	29.5657
87.0829	28.5547
87.6914	28.1381
88.2998	28.105
88.9082	27.9147
89.5165	27.502
90.1238	27.0982
90.732	26.9445
91.3401	26.9732
91.9472	27.1275
92.5542	27.3404
93.1622	27.6107
93.7691	27.0458
94.376	25.3402
94.9828	26.0492
95.5895	28.072
96.1962	28.325
96.8019	28.863
97.4085	29.4703
98.014	27.5742
98.6205	25.1451
99.2259	24.2204
99.8313	24.9057
100.437	25.2901
101.042	24.4174
101.647	24.3258
102.252	24.8191
102.857	25.751
103.461	26.9559
104.066	27.3155
104.67	27.1131
105.275	26.4497
105.879	25.261
106.483	24.5832
107.086	24.5936
107.69	25.5819
108.293	26.7017
108.896	27.9607
109.5	29.3337
110.103	29.5277
110.705	28.746
111.308	27.6605
111.911	26.4247
112.513	25.8845
113.115	25.5276
113.717	25.5628
114.319	25.9666
114.92	26.7943
115.522	27.7723
116.124	28.7335
116.725	29.2034
117.326	29.1572
117.927	28.9735
118.528	28.2133
119.129	26.8916
119.729	26.046
120.33	25.243
120.929	25.6063
121.53	25.5126
122.13	25.5847
122.729	26.8672
123.329	27.8787
123.929	27.8665
124.528	27.9779
125.127	28.1169
125.726	28.7057
126.325	29.4714
126.924	30.5845
127.521	31.2009
128.12	32.6077
128.718	34.402
129.317	35.3786
129.914	36.3604
130.512	37.2409
131.109	36.8094
131.707	35.3972
132.304	33.8388
132.902	32.5163
133.499	31.8947
134.095	32.174
134.692	33.0409
135.289	33.1746
135.886	32.7225
136.482	31.6137
137.078	29.8716
137.674	27.4715
138.269	26.4637
138.864	25.9119
139.46	26.8754
140.056	28.576
140.65	29.755
141.246	29.2625
141.841	28.3477
142.435	27.3106
143.03	25.6953
143.624	24.334
144.218	23.5278
144.813	24.3375
145.407	26.6089
146	27.0279
146.594	27.0799
147.187	27.3379
147.78	27.8371
148.374	28.4597
148.967	29.2045
149.56	29.9531
150.153	30.839
150.745	31.7282
151.337	32.0759
151.93	32.6243
152.522	33.4264
153.113	33.5395
153.706	32.6361
154.297	33.3097
154.889	33.803
155.48	34.6168
156.071	35.3338
156.663	35.8507
157.253	35.2851
157.844	33.1819
158.434	31.9703
159.025	31.2205
159.615	30.8312
160.205	30.8407
160.795	31.0837
161.385	31.4865
161.974	31.9922
162.564	31.6049
163.153	30.2812
163.742	30.6596
164.331	30.6991
164.921	30.5854
165.509	29.5981
166.097	28.9602
166.686	28.4984
167.274	27.8824
167.862	26.7773
168.451	25.8667
169.038	25.1842
169.626	25.2547
170.213	25.7969
170.801	26.806
171.388	28.226
171.975	28.4919
172.562	28.3321
173.148	27.8256
173.735	27.3234
174.322	26.6695
174.908	26.859
175.494	26.65
176.08	27.2893
176.665	26.9409
177.252	26.8755
177.837	27.1635
178.422	27.9957
179.008	29.2087
179.592	29.1862
180.177	29.1145
180.762	28.3899
181.346	28.2715
181.93	28.0284
182.515	27.4916
183.099	28.5512
183.683	27.8783
184.267	27.245
184.851	26.8128
185.435	26.5053
186.017	26.3667
186.601	26.7983
187.184	27.1269
187.767	26.9679
188.35	26.8036
188.932	26.6556
189.514	26.493
190.097	26.3089
190.679	26.0597
191.26	25.7705
191.842	25.393
192.425	25.1122
193.006	25.1734
193.587	25.3553
194.168	25.7236
194.75	26.17
195.33	25.4845
195.91	24.5963
196.491	23.8639
197.072	23.5217
197.652	24.4197
198.232	25.2319
198.812	26.2314
199.392	27.4524
199.972	28.1258
200.551	29.057
201.131	26.8318
201.71	26.0909
202.288	25.5019
202.868	27.5019
203.446	30.7174
204.025	30.0824
204.603	29.3122
205.181	28.4338
205.76	27.4004
206.338	26.2875
206.915	25.4833
207.493	24.8123
208.071	24.1884
208.648	23.8358
209.225	23.9017
209.802	24.3014
210.379	24.7829
210.956	25.25
211.532	25.6682
212.109	26.0858
212.685	26.5298
213.261	26.9702
213.837	27.3035
214.413	26.6989
214.988	26.5274
215.564	26.7957
216.14	27.8806
216.715	28.1835
217.29	28.0621
217.865	27.8471
218.439	27.7365
219.014	27.6787
219.588	27.4806
220.162	27.2288
220.736	26.7339
221.311	25.9864
221.884	25.1823
222.458	24.9789
223.032	25.2306
223.605	26.3649
224.177	27.155
224.751	27.116
225.323	27.2007
225.897	27.3683
226.469	27.58
227.041	27.6385
227.613	25.7463
228.185	24.651
228.757	24.4109
229.329	25.573
229.901	27.6917
230.472	27.936
231.044	28.2624
231.615	23.9721
232.186	23.4986
232.757	26.6366
233.327	27.0645
233.898	27.6255
234.469	28.1363
235.039	27.2133
235.609	25.643
236.179	25.0754
236.748	25.8123
237.319	26.6729
237.888	27.5463
238.457	27.4433
239.027	26.7309
239.596	26.5626
240.164	26.8695
240.733	27.7647
241.301	29.0646
241.87	26.8935
242.438	26.5072
243.006	26.5159
243.574	26.5935
244.142	26.3924
244.709	25.7584
245.277	25.2577
245.845	25.0268
246.411	25.2625
246.979	26.728
247.545	26.9084
248.112	27.1879
248.678	27.815
249.245	28.4373
249.811	28.8549
250.377	28.5728
250.944	28.0206
251.509	27.3499
252.075	26.7279
252.64	26.3136
253.205	25.0642
253.77	24.0773
254.335	24.8134
254.9	25.2246
255.465	25.6691
256.03	26.1956
256.594	26.7982
257.158	27.4941
257.722	27.3538
258.287	27.5039
258.85	27.7063
259.414	28.9797
259.977	27.5408
260.541	27.2499
261.103	25.8258
261.667	27.5217
262.229	28.6422
262.792	28.9815
263.354	29.2517
263.917	29.5271
264.479	29.4326
265.041	29.1033
265.603	27.9569
266.165	27.2693
266.726	27.1423
267.288	27.3506
267.849	27.7233
268.411	28.0109
268.971	28.38
269.532	28.0375
270.093	27.2805
270.653	26.9001
271.213	26.6377
271.774	26.5353
272.334	26.7676
272.894	27.1643
273.453	27.6676
274.013	27.9521
274.573	27.7236
275.132	27.0084
275.69	25.5218
276.25	24.0194
276.809	23.3059
277.367	23.1031
277.926	24.1685
278.484	25.7959
279.042	26.9734
279.6	27.581
280.158	27.5109
280.716	27.49
281.274	27.5334
281.831	27.6287
282.388	27.7878
282.946	28.0115
283.502	28.3069
284.059	28.5233
284.616	28.5803
285.172	28.5256
285.728	28.203
286.285	27.8808
286.84	27.4739
287.397	27.0353
287.952	26.3889
288.508	26.2379
289.063	25.8018
289.618	25.7715
290.174	26.2731
290.729	26.7589
291.284	27.2491
291.838	27.7268
292.393	27.7187
292.947	27.2138
293.501	26.6215
294.055	25.9442
294.609	26.8273
295.163	28.5541
295.716	28.7422
296.269	27.806
296.823	26.4556
297.376	25.7803
297.929	25.5311
298.481	25.7184
299.035	25.9564
299.587	26.53
300.139	26.6332
300.691	25.1183
301.243	24.3006
301.795	24.2322
302.346	25.0426
302.898	26.8167
303.449	27.5761
304	27.7515
304.551	26.5208
305.102	25.2193
305.653	23.7505
306.204	22.8612
306.754	23.0624
307.305	24.4236
307.855	25.1617
308.405	25.6625
308.955	25.698
309.505	25.5616
310.054	24.9574
310.604	24.6289
311.152	25.2956
311.702	26.389
312.25	27.1572
312.799	27.6789
313.348	27.7396
313.896	27.5491
314.444	27.0946
314.992	26.4027
315.541	25.4533
316.089	24.4865
316.636	24.6668
317.184	25.6145
317.731	26.3174
318.278	26.4022
318.825	26.9177
319.372	27.9499
319.918	27.5248
320.465	27.2752
321.012	27.1275
321.558	27.0575
322.104	26.5778
322.65	26.1947
323.195	26.1674
323.741	26.539
324.286	27.2699
324.832	27.6262
325.377	27.7228
325.923	27.4501
326.467	27.3074
327.012	27.1871
327.556	27.1866
328.101	28.271
328.645	27.9076
329.189	27.2694
329.733	26.4726
330.277	25.6816
330.82	25.0892
331.364	24.763
331.907	24.5711
332.451	25.5086
332.994	27.4473
333.536	28.9824
334.079	29.4854
334.621	27.8437
335.164	25.8451
335.706	25.2222
336.248	26.334
336.79	28.009
337.332	28.4744
337.873	28.5424
338.415	28.8204
338.956	29.1238
339.498	29.5983
340.038	30.1283
340.579	30.5787
341.119	30.8932
341.661	30.1282
342.201	29.5644
342.741	28.763
343.281	27.8995
343.821	27.3733
344.36	27.3068
344.9	27.2317
345.44	27.8018
345.979	27.5605
346.518	27.3144
347.056	27.0703
347.595	26.8159
348.134	26.5445
348.673	27.158
349.211	27.263
349.75	27.1752
350.287	26.85
350.825	26.5043
351.363	26.9288
351.901	28.1272
352.438	28.8143
352.976	29.0345
353.512	28.5573
354.049	28.0161
354.586	25.2153
355.123	28.0314
355.659	28.253
356.195	28.6009
356.732	28.8416
357.267	28.0534
357.803	26.3251
358.339	25.7168
358.875	25.0405
359.41	24.9775
359.946	25.5305
360.481	26.5668
361.015	27.2289
361.55	27.2778
362.085	27.1373
362.619	26.5022
363.153	25.812
363.688	25.0902
364.221	24.4181
364.756	23.9572
365.289	26.713
365.823	27.4727
366.356	26.8088
366.889	26.4479
367.422	26.3003
367.955	26.3641
368.488	26.7244
369.02	27.0329
369.553	27.0648
370.085	26.8235
370.617	26.5677
371.149	26.2938
371.681	25.9443
372.213	25.6088
372.744	25.3372
373.276	25.1685
373.807	25.1154
374.337	25.144
374.868	25.2498
375.399	25.4794
375.93	25.7911
376.46	26.1942
376.991	26.6032
377.521	26.328
378.05	26.0607
378.581	25.3909
379.11	24.7447
379.64	24.493
380.169	24.7396
380.698	25.8939
381.227	27.725
381.756	27.5322
382.284	26.9811
382.813	26.5512
383.342	26.3454
383.87	26.3458
384.398	26.5724
384.926	26.6377
385.453	26.0155
385.981	26.2347
386.508	27.0897
387.036	28.7457
387.563	30.3475
388.09	30.6586
388.616	29.7401
389.143	28.9008
389.67	27.0629
390.196	25.4599
390.722	24.7875
391.248	25.1701
391.775	26.4344
392.3	27.8987
392.826	28.2422
393.351	27.6501
393.877	25.6916
394.401	25.1109
394.926	24.3893
395.451	24.598
395.976	25.1928
396.5	26.723
397.025	28.4645
397.549	29.6683
398.073	30.2978
398.597	30.1304
399.12	29.9739
399.644	29.8356
400.167	29.7477
400.69	29.234
401.214	27.7975
401.737	26.3881
402.259	25.7059
402.782	25.1597
403.305	24.9769
403.827	25.0772
404.349	25.473
404.871	26.1355
405.393	27.0508
405.914	27.9001
406.436	28.3733
406.957	28.031
407.479	27.5472
407.999	27.5136
408.521	27.7234
409.041	28.1309
409.562	28.4298
410.083	28.6901
410.603	28.9297
411.123	29.087
411.643	29.256
412.163	29.2655
412.682	28.9212
413.202	29.0955
413.721	28.9829
414.24	28.933
414.759	28.9208
415.278	29.256
415.797	29.5435
416.315	28.2926
416.834	26.3805
417.352	24.8683
417.871	24.0581
418.389	24.2184
418.906	25.3114
419.424	25.8512
419.942	26.495
420.459	27.0516
420.976	27.6637
421.493	27.9115
422.009	27.3617
422.527	27.0459
423.043	26.8
423.56	26.7573
424.076	27.0824
424.591	27.4342
425.108	27.7384
425.623	27.9223
426.139	28.0466
426.655	27.0523
427.17	25.2484
427.685	23.5729
428.2	23.5792
428.715	24.02
429.229	24.6291
429.744	24.0121
430.258	24.2276
430.772	25.5342
431.286	28.5738
431.8	29.718
432.314	29.6325
432.828	29.6816
433.342	26.2771
433.854	27.9166
434.368	28.0164
434.881	28.0437
435.393	28.479
435.906	28.9201
436.419	28.8664
436.931	27.9194
437.443	26.6667
437.955	25.3288
438.467	25.837
438.979	25.4914
439.491	24.0847
440.002	23.0464
440.513	23.3675
441.024	24.4577
441.535	26.4751
442.046	28.1034
442.556	29.3023
443.066	29.8467
443.578	29.5846
444.088	28.738
444.598	28.3186
445.107	28.3183
445.617	28.3827
446.127	28.5512
446.636	28.2059
447.145	27.3705
447.654	27.092
448.163	27.3405
448.672	27.9831
449.18	27.9412
449.689	27.8554
450.197	27.8202
450.705	27.8678
451.213	27.4058
451.721	26.7495
452.229	26.0874
452.736	25.6851
453.244	25.0932
453.75	25.0029
454.258	25.5056
454.764	25.9702
455.272	26.6489
455.778	27.2703
456.284	27.8451
456.791	28.2537
457.297	28.2673
457.802	28.2851
458.308	28.3094
458.815	28.3427
459.32	28.3486
459.825	28.2338
460.33	27.9526
460.835	27.6417
461.34	27.3113
461.845	26.9691
462.349	26.7079
462.854	26.6046
463.358	26.8742
463.862	27.2719
464.366	25.5877
464.87	24.4668
465.373	23.8282
465.877	23.5312
466.38	24.4522
466.883	25.3853
467.387	26.319
467.889	27.1486
468.392	27.7298
468.894	27.983
469.397	28.1306
469.898	27.8771
470.401	26.9815
470.902	26.5295
471.404	26.8852
471.906	27.6831
472.407	27.5887
472.908	27.5632
473.41	26.8998
473.911	25.2916
474.411	25.8127
474.912	26.6019
475.412	27.265
475.913	27.9485
476.413	28.2165
476.913	28.0479
477.413	27.1493
477.913	26.8557
478.413	26.4346
478.912	26.0812
479.411	25.7737
479.91	25.5573
480.409	25.4173
480.908	25.3789
481.407	25.0421
481.905	24.9895
482.403	25.0889
482.901	25.3455
483.4	25.7359
483.897	26.2653
484.395	26.885
484.892	27.5751
485.39	26.8539
485.887	25.9806
486.384	25.168
486.881	24.7764
487.378	24.5966
487.874	24.6192
488.37	24.8497
488.867	25.2781
489.363	25.8911
489.859	25.8445
490.355	26.0228
490.851	25.9938
491.346	26.2884
491.841	26.7731
492.336	26.8437
492.831	26.6614
493.326	26.4532
493.821	26.2935
494.315	26.2792
494.81	26.3761
495.304	26.6258
495.798	26.9164
496.292	27.2227
496.786	27.4023
497.28	27.3563
497.774	26.6181
498.266	24.7257
498.759	22.6538
499.253	25.2851
499.746	26.1161
500.238	26.9266
500.731	27.5783
501.223	28.0231
501.715	28.2555
502.208	28.3419
502.699	28.1954
503.191	27.8661
503.683	27.3049
504.174	26.6178
504.666	26.89
505.156	27.2246
505.648	27.377
506.138	27.5528
506.629	27.8594
507.119	27.8226
507.61	27.1252
508.1	26.5588
508.59	26.0454
509.08	25.515
509.569	24.9797
510.059	24.5015
510.548	24.2739
511.038	24.1438
511.527	24.1746
512.016	24.3213
512.504	24.5939
512.993	24.9897
513.482	25.4792
513.97	26.0488
514.458	26.6808
514.947	27.417
515.435	27.9258
515.922	28.1327
516.409	27.7568
516.897	28.5377
517.384	27.3271
517.871	26.7342
518.358	26.1318
518.845	25.6753
519.332	25.5354
519.817	25.5621
520.304	25.6087
520.79	25.7215
521.276	26.0132
521.762	26.5743
522.248	27.2778
522.733	27.7699
523.218	26.082
523.704	28.3699
524.189	28.5052
524.674	28.511
525.159	28.3577
525.643	28.0117
526.128	27.5847
526.612	27.0931
527.096	26.5228
527.58	26.007
528.063	26.121
528.547	26.0712
529.03	26.3418
529.514	26.8351
529.997	27.3251
530.48	27.1008
530.963	26.1089
531.446	25.6613
531.928	25.6267
532.411	26.0681
532.893	27.6064
533.375	27.526
533.857	27.4778
534.339	27.3284
534.821	27.2229
535.301	27.3216
535.783	27.3585
536.265	27.1401
536.745	26.9739
537.226	26.7018
537.706	26.6549
538.187	26.6801
538.667	26.4991
539.148	26.5729
539.628	26.9722
540.108	27.4829
540.587	27.3894
541.067	27.6867
541.547	28.2
542.026	27.861
542.505	27.1167
542.984	26.2176
543.463	25.3647
543.941	24.8161
544.419	24.478
544.898	24.4288
545.377	24.9501
545.855	25.5577
546.332	25.9673
546.81	26.0007
547.288	25.6976
547.765	25.1718
548.242	24.5805
548.719	24.1948
549.196	24.1965
549.673	24.3142
550.15	25.039
550.626	26.1002
551.102	27.1717
551.578	27.7358
552.054	27.6465
552.531	27.5437
553.006	27.367
553.481	26.8288
553.957	25.8258
554.432	25.057
554.907	24.5502
555.382	24.6662
555.856	25.4273
556.331	26.0947
556.806	26.649
557.28	27.0655
557.755	27.1736
558.228	26.5101
558.702	24.7458
559.176	22.9838
559.649	23.3633
560.123	26.1096
560.596	25.8356
561.068	25.2145
561.224	24.997
561.751	24.4532
562.277	24.7735
562.803	25.71
563.329	26.2645
563.856	26.4529
564.381	26.5436
564.908	26.6486
565.433	26.8168
565.958	27.1288
566.484	27.2249
567.009	26.6465
567.534	25.9704
568.059	25.1799
568.584	24.8913
569.109	25.0755
569.633	25.5338
570.158	25.6118
570.682	26.1372
571.206	26.8951
571.73	27.2957
572.254	27.1832
572.778	26.8162
573.301	26.3679
573.824	26.031
574.348	25.0471
574.871	24.0981
575.395	24.7301
575.917	24.9581
576.44	25.4446
576.962	26.2083
577.485	27.4065
578.008	26.1754
578.53	25.295
579.052	24.6363
579.574	24.237
580.095	24.0875
580.618	24.1475
581.139	24.5125
581.66	25.1569
582.182	26.0516
582.703	26.9822
583.224	27.6332
583.744	28.1008
584.265	28.1099
584.786	27.9818
585.306	27.8786
585.826	27.8425
586.346	27.8461
586.866	27.3502
587.386	26.8207
587.906	26.4303
588.426	26.1946
588.946	26.8136
589.465	27.336
589.984	27.8812
590.503	27.8151
591.023	27.4682
591.541	27.174
592.06	26.9419
592.578	26.7601
593.097	26.6278
593.615	26.5213
594.133	26.4681
594.65	26.5471
595.169	26.9378
595.686	26.4677
596.203	25.6707
596.722	24.8566
597.239	24.0785
597.756	23.4967
598.273	24.3025
598.79	25.0308
599.307	25.7805
599.823	26.1456
600.34	26.5419
600.856	26.4242
601.372	25.6897
601.888	24.8793
602.404	24.8162
602.92	25.1545
603.436	25.5646
603.951	26.1069
604.466	26.5116
604.981	26.625
605.497	26.0805
606.011	26.552
606.526	26.7394
607.041	26.4122
607.555	26.0657
608.07	25.8814
608.584	26.2243
609.098	26.3939
609.612	26.4472
610.126	26.285
610.64	25.9157
611.154	24.8325
611.667	24.5758
612.18	24.6728
612.693	24.8239
613.207	25.0227
613.719	25.2388
614.232	25.4878
614.744	25.7138
615.257	25.9421
615.769	26.0542
616.281	26.3633
616.794	26.7032
617.305	26.9974
617.817	27.3302
618.329	27.6945
618.84	28.0641
619.352	27.5129
619.863	27.3282
620.374	26.948
620.885	26.7988
621.396	26.7249
621.907	26.637
622.417	26.7227
622.927	26.8262
623.438	27.0267
623.948	27.2643
624.458	27.2662
624.967	26.0786
625.478	24.8739
625.987	24.1762
626.497	23.4641
627.006	22.9889
627.514	24.1288
628.024	25.6964
628.533	26.9405
629.041	27.7412
629.55	27.9385
630.059	27.4276
630.567	26.4321
631.075	26.0392
631.583	26.198
632.091	26.1639
632.599	26.0998
633.106	26.0535
633.614	26.0643
634.121	26.1195
634.629	26.2284
635.136	26.3757
635.642	26.5745
636.149	26.8312
636.656	26.8873
637.163	26.4464
637.669	26.0029
638.175	25.6126
638.681	25.3018
639.187	25.0514
639.693	24.9899
640.199	25.5539
640.704	26.045
641.21	27.1805
641.715	27.0702
642.22	26.63
642.725	26.1805
643.23	25.7964
643.735	25.6905
644.239	25.776
644.744	26.0817
645.248	26.4683
645.753	26.6448
646.257	27.375
646.76	27.4595
647.264	27.2045
647.767	27.0274
648.271	26.6645
648.774	27.4226
649.277	28.6247
649.78	30.1187
650.283	31.4688
650.786	31.9927
651.289	31.6565
651.792	31.193
652.294	30.9736
652.797	31.6879
653.298	33.5626
653.8	33.7563
654.302	34.1851
654.804	33.3747
655.305	32.2636
655.807	31.0526
656.308	29.9194
656.809	29.658
657.31	29.4584
657.811	29.5915
658.311	29.5852
658.813	29.3192
659.313	29.1195
659.813	28.9417
660.313	28.7643
660.813	28.1173
661.314	22.3793
661.813	27.7674
662.312	28.5437
662.812	29.1494
663.311	29.4098
663.811	29.0373
664.31	28.5825
664.809	27.9911
665.307	26.8775
665.806	26.4774
666.304	26.1914
666.803	26.2759
667.301	26.8206
667.799	27.8355
668.297	28.1994
668.795	27.4303
669.292	26.6065
669.79	25.7119
670.287	25.3013
670.785	25.7697
671.281	26.4617
671.779	27.3054
672.276	28.2706
672.772	28.9872
673.269	29.4125
673.766	29.339
674.261	28.9643
674.758	28.1711
675.253	27.1218
675.75	25.5927
676.245	24.2926
676.74	25.2548
677.236	27.004
677.731	26.4088
678.226	25.7819
678.722	25.2653
679.217	24.8667
679.711	24.5987
680.206	24.4894
680.701	25.2656
681.195	25.7311
681.689	26.1702
682.183	26.3935
682.677	26.5949
683.171	26.8909
683.664	27.1467
684.158	27.4168
684.651	27.7587
685.144	28.2762
685.638	28.5465
686.131	28.6492
686.623	28.3354
687.116	27.2542
687.608	25.6973
688.101	24.6891
688.593	24.0313
689.085	23.8605
689.577	24.5036
690.069	25.0898
690.56	25.5332
691.052	25.9222
691.543	26.1341
692.035	26.1925
692.525	26.196
693.017	26.0022
693.507	24.982
693.999	25.0068
694.489	25.4482
694.98	25.4645
695.47	25.6363
695.96	26.1726
696.45	26.4081
696.94	26.6362
697.429	26.8395
697.919	27.0247
698.408	26.8607
698.898	26.7193
699.387	26.6158
699.876	26.488
700.365	26.3553
700.854	26.21
701.342	26.0528
701.831	25.8799
702.319	25.6618
702.808	25.3294
703.296	24.9861
703.784	24.72
704.272	24.7602
704.758	25.1491
705.246	25.0639
705.734	26.3115
706.221	27.0341
706.708	27.4109
707.195	26.7174
707.682	26.1084
708.169	25.7281
708.655	25.574
709.142	25.6754
709.627	26.0339
710.114	26.7658
710.599	27.7315
711.086	28.8979
711.571	29.7321
712.057	29.6566
712.542	29.148
713.028	29.3559
713.513	29.6198
713.997	28.3497
714.483	26.8245
714.967	25.6332
715.451	25.3104
715.937	25.0839
716.421	25.6504
716.905	26.7527
717.389	27.7304
717.872	27.4671
718.356	26.1384
718.84	25.3943
719.323	24.8581
719.807	24.6091
720.29	25.0826
720.773	25.7985
721.256	26.5431
721.738	27.2676
722.221	27.89
722.703	28.4454
723.186	28.8774
723.668	29.1196
724.151	28.9827
724.633	28.2553
725.114	27.1782
725.596	25.7778
726.077	25.7575
726.558	25.5761
727.04	24.3124
727.521	26.2851
728.001	26.8946
728.483	25.1298
728.964	26.4089
729.444	26.2672
729.925	25.5845
730.404	24.5506
730.885	24.1318
731.365	23.873
731.844	23.9452
732.324	24.2349
732.803	24.6329
733.283	25.1849
733.762	26.023
734.241	26.9037
734.72	27.1883
735.2	27.1387
735.678	26.9002
736.156	27.1217
736.635	27.2783
737.113	27.3401
737.591	27.1487
738.07	26.6377
738.548	25.6928
739.025	25.4493
739.503	25.728
739.98	26.2328
740.458	26.6472
740.935	26.3401
741.412	25.825
741.889	25.2635
742.365	24.7555
742.842	24.7816
743.318	25.7085
743.795	26.4635
744.271	26.2393
744.747	26.1986
745.223	26.7589
745.699	27.3736
746.175	28.1198
746.649	28.3743
747.125	27.7604
747.601	27.1343
748.075	26.6427
748.55	26.2858
749.025	26.0019
749.5	25.7538
749.974	25.5394
750.449	25.3401
750.922	25.1092
751.397	24.8613
751.871	24.5701
752.345	24.411
752.818	24.7479
753.292	25.6302
753.766	26.3148
754.239	26.768
754.711	26.0073
755.185	25.2903
755.658	24.843
756.13	25.5403
756.603	26.6397
757.075	27.0802
757.547	26.9808
758.02	26.9599
758.492	26.3023
758.964	25.5493
759.435	24.7947
759.907	24.4401
760.378	25.1992
760.85	27.0877
761.321	28.1273
761.792	28.1879
762.263	26.9593
762.733	26.617
763.203	25.572
763.674	24.5765
764.144	24.1506
764.615	25.1041
765.085	26.1565
765.554	27.1849
766.024	27.167
766.494	27.1415
766.964	26.9864
767.432	27.8805
767.902	27.2946
768.371	26.6167
768.84	25.62
769.309	25.0845
769.777	25.2835
770.246	25.6063
770.714	26.6061
771.182	27.258
771.65	27.4454
772.118	27.5283
772.586	28.1995
773.054	29.0439
773.521	28.4935
773.988	27.8653
774.456	27.4182
774.923	26.7729
775.389	26.2069
775.857	25.7546
776.323	25.4006
776.79	25.1709
777.256	25.3186
777.723	25.7204
778.189	26.1909
778.654	26.5934
779.12	26.4974
779.586	26.4798
780.051	26.5001
780.516	26.5161
780.982	26.5335
781.447	26.4691
781.912	26.3552
782.377	26.1284
782.841	25.7453
783.306	24.7709
783.77	24.0112
784.235	23.1259
784.699	22.6467
785.163	22.9017
785.627	23.9216
786.091	25.4247
786.554	27.2631
787.017	26.6272
787.481	26.1505
787.944	25.7663
788.407	25.4319
788.87	25.1837
789.333	24.4
789.795	24.243
790.258	24.8444
790.72	24.8616
791.182	24.9787
791.644	25.1742
792.106	25.4148
792.568	25.6509
793.03	25.8604
793.491	25.5365
793.952	25.0949
794.413	24.7346
794.874	24.4324
795.335	24.3131
795.796	24.4892
796.257	25.2017
796.717	25.4051
797.177	26.3559
797.638	26.3126
798.098	26.3081
798.557	26.3708
799.017	26.2847
799.477	25.4824
799.937	24.9608
800.396	24.9632
800.855	25.399
801.314	26.1033
801.773	26.7677
802.232	26.3725
802.691	25.988
803.149	26.0734
803.607	25.796
804.066	25.6347
804.524	25.5875
804.982	25.6424
805.439	25.782
805.897	25.4695
806.355	25.5684
806.812	26.0733
807.269	26.8857
807.727	27.675
808.184	28.184
808.64	28.4148
809.097	27.2733
809.553	25.9551
810.01	25.7608
810.466	25.5042
810.922	24.7206
811.378	24.9413
811.834	25.3738
812.29	26.2259
812.745	27.2362
813.201	27.6197
813.656	27.7926
814.111	27.9458
814.566	27.8403
815.02	26.5356
815.475	25.3429
815.93	24.5729
816.384	24.5862
816.839	25.6181
817.293	26.3442
817.747	27.0498
818.201	26.8774
818.654	26.5351
819.108	26.5897
819.561	27.1365
820.015	27.8702
820.468	27.9867
820.92	27.962
821.374	27.6262
821.826	25.8891
822.279	25.2971
822.732	24.0322
823.184	23.3046
823.636	23.0194
824.088	23.378
824.54	23.9573
824.992	24.4426
825.443	24.5699
825.895	24.6697
826.346	24.6636
826.797	24.0919
827.248	23.8931
827.7	24.6385
828.15	24.9851
828.601	25.3283
829.051	25.2277
829.502	25.1874
829.952	25.0304
830.402	24.8915
830.852	24.7317
831.302	24.7862
831.751	25.2368
832.2	25.7613
832.649	26.242
833.099	26.1906
833.548	26.0453
833.997	25.885
834.446	25.7166
834.895	25.5907
835.343	25.547
835.791	25.7654
836.24	25.7394
836.688	25.4703
837.135	25.5527
837.583	25.6547
838.031	25.9124
838.478	24.593
838.926	22.6211
839.373	21.2457
839.82	21.2977
840.267	22.2604
840.714	24.3877
841.16	24.7829
841.607	24.8253
842.053	25.1132
842.5	25.4996
842.946	25.0413
843.392	23.486
843.837	22.2471
844.284	23.6011
844.729	24.2193
845.174	25.13
845.62	26.1716
846.064	27.024
846.51	26.5655
846.954	25.2736
847.399	24.5129
847.844	25.2554
848.288	26.2847
848.732	26.51
849.177	26.3515
849.621	26.1121
850.064	25.8837
850.508	25.324
850.952	24.6328
851.395	24.216
851.838	24.243
852.281	25.6223
852.724	25.5523
853.167	24.984
853.61	24.5457
854.053	24.6043
854.495	24.764
854.937	25.1212
855.379	25.6588
855.821	25.9203
856.263	27.5153
856.705	27.6235
857.147	27.5207
857.588	27.3283
858.029	27.0683
858.471	26.7781
858.912	26.4308
859.353	26.0452
859.793	25.6581
860.234	25.2722
860.674	24.4854
861.114	23.9376
861.554	23.947
861.995	24.3336
862.435	24.9104
862.875	25.6174
863.314	26.5361
863.753	27.1881
864.193	27.6235
864.632	27.1158
865.071	26.4127
865.51	25.6727
865.949	25.1861
866.387	24.9572
866.826	24.8429
867.264	24.9433
867.702	25.4633
868.14	25.9984
868.578	25.4769
869.016	24.251
869.454	23.3262
869.891	23.4495
870.328	23.7182
870.766	24.0256
871.203	24.2705
871.64	24.5236
872.076	24.6536
872.513	23.8426
872.95	23.9519
873.385	24.7043
873.822	24.6208
874.258	24.0796
874.694	23.4238
875.13	23.1074
875.565	23.0257
876.001	23.6022
876.436	24.1649
876.872	24.9372
877.307	25.4352
877.741	25.1751
878.177	24.7099
878.611	25.7496
879.046	25.333
879.48	24.5808
879.914	23.4352
880.349	23.1183
880.782	23.2587
881.216	23.5336
881.649	24.2712
882.083	24.4728
882.517	24.4596
882.95	24.8547
883.383	25.7122
883.816	26.4881
884.249	26.9511
884.681	27.2759
885.114	27.5296
885.546	27.6785
885.979	27.3636
886.411	27.0293
886.843	26.78
887.275	26.6978
887.707	26.9076
888.138	26.7933
888.57	26.3314
889.001	25.8932
889.432	25.752
889.862	25.589
890.293	25.2174
890.724	24.63
891.154	23.415
891.585	23.0732
892.015	23.3909
892.446	23.9381
892.876	25.0682
893.305	25.2657
893.735	25.259
894.164	25.3576
894.594	25.3623
895.024	25.3344
895.452	25.2096
895.881	25.0928
896.31	24.9326
896.739	24.7629
897.167	24.5587
897.596	24.4164
898.024	24.517
898.452	25.0311
898.88	25.8676
899.308	26.5132
899.736	26.9023
900.163	27.0316
900.591	26.8893
901.018	25.3566
901.446	23.5163
901.872	22.6844
902.299	21.7614
902.726	21.7981
903.152	21.8623
903.579	22.4519
904.005	23.7533
904.432	24.7245
904.857	25.3992
905.284	25.7742
905.709	25.7838
906.135	25.5151
906.56	24.812
906.986	24.96
907.411	25.2446
907.836	25.5019
908.261	25.7623
908.685	25.9978
909.11	26.2263
909.534	26.2053
909.958	26.1851
910.383	26.1154
910.807	25.9952
911.231	25.8309
911.655	25.6578
912.078	25.4507
912.501	25.2061
912.925	24.9797
913.348	25.2922
913.771	26.0751
914.194	26.2932
914.617	24.3025
915.04	24.2251
915.462	23.9315
915.884	24.5059
916.307	25.2421
916.729	26.1496
917.151	25.7279
917.572	25.5817
917.994	25.414
918.415	25.5842
918.837	25.5827
919.258	24.8781
919.679	24.3262
920.1	24.2289
920.521	24.0784
920.942	24.0101
921.362	24.0059
921.782	24.0693
922.202	24.2026
922.622	24.4002
923.042	24.6537
923.462	24.9627
923.882	25.504
924.301	25.7439
924.721	25.432
925.14	25.3751
925.559	25.0406
925.978	25.1253
926.397	25.3394
926.816	25.6564
927.234	26.0599
927.653	25.8438
928.071	24.4702
928.489	23.0577
928.907	21.847
929.324	21.5126
929.742	22.0563
930.16	23.3084
930.577	24.596
930.995	24.7087
931.412	24.6454
931.828	24.2287
932.245	23.3771
932.662	23.2483
933.079	23.7466
933.495	24.6237
933.911	25.1366
934.327	24.993
934.743	24.4564
935.159	24.0705
935.574	23.9422
935.99	24.6552
936.406	25.8355
936.821	26.3369
937.236	24.7836
937.651	23.5551
938.066	22.4313
938.48	22.3145
938.895	22.5275
939.309	23.2904
939.723	23.9549
940.138	24.3382
940.551	24.3263
940.966	23.9149
941.38	23.5282
941.793	23.2319
942.206	23.4288
942.619	23.5761
943.033	23.3925
943.445	23.6827
943.858	23.7895
944.271	24.1435
944.684	24.1455
945.096	23.0911
945.508	22.0915
945.921	22.2403
946.332	22.282
946.745	22.2533
947.156	22.5394
947.568	22.6252
947.979	23.1822
948.39	24.1754
948.802	25.0573
949.212	25.2347
949.624	25.2305
950.034	25.2012
950.445	25.6091
950.855	25.8356
951.265	25.5766
951.676	24.8679
952.085	24.5199
952.495	25.2896
952.905	24.9753
953.314	24.8937
953.724	25.0144
954.134	24.8934
954.542	24.9405
954.952	24.9835
955.361	24.3096
955.769	23.9415
956.177	24.2928
956.586	24.3736
956.995	24.4941
957.402	24.6903
957.811	24.9665
958.219	25.0119
958.626	25.3066
959.034	25.4016
959.441	25.3811
959.849	25.3108
960.256	25.0522
960.663	24.5009
961.069	23.5758
961.477	22.7592
961.883	22.7157
962.29	23.0784
962.696	23.2678
963.102	23.4673
963.508	23.0882
963.914	22.5208
964.32	24.8437
964.725	26.3492
965.131	25.3836
965.536	25.0525
965.941	24.6425
966.346	24.8819
966.751	25.4895
967.156	25.9071
967.561	25.8567
967.965	25.2872
968.37	24.7334
968.774	24.3212
969.178	24.372
969.582	24.6194
969.985	24.7673
970.389	24.7256
970.792	24.7137
971.196	24.7261
971.599	24.7733
972.002	25.0205
972.405	25.4592
972.808	25.841
972.966	26.0084
973.422	25.8259
973.878	25.5282
974.335	25.2557
974.791	25.0303
975.247	25.1514
975.703	25.3797
976.158	24.598
976.614	23.6658
977.07	24.3106
977.525	24.8912
977.98	24.6316
978.436	23.9499
978.891	24.0261
979.345	25.101
979.8	24.7686
980.255	24.2402
980.709	23.7105
981.164	23.1479
981.617	22.5134
982.072	21.9848
982.526	22.8447
982.979	24.4487
983.433	25.6174
983.887	24.8071
984.34	24.6356
984.794	24.7627
985.247	25.1783
985.7	25.5306
986.154	25.4932
986.606	25.2865
987.059	25.7308
987.511	26.7506
987.964	24.9655
988.416	23.7773
988.869	23.0109
989.321	22.8336
989.773	23.2925
990.225	24.4134
990.676	24.8502
991.128	25.3152
991.579	25.9304
992.03	26.462
992.482	26.148
992.933	24.7294
993.384	23.9681
993.835	23.6965
994.286	23.4302
994.736	23.2367
995.187	23.7737
995.637	24.1341
996.087	24.9473
996.538	26.5474
996.988	26.4279
997.438	25.7572
997.887	24.6765
998.337	23.7691
998.786	23.0022
999.236	22.5725
999.685	25.3798
