101.686	1670.37
103.566	1695.62
105.446	1751.59
107.325	1912.77
109.204	2222.11
111.083	2726.48
112.959	3419.21
114.837	4279.3
116.714	5327.29
118.589	6908
120.466	9566
122.34	14072
124.216	19438
126.089	23274
127.962	22236
129.835	16390
131.709	10500
133.581	6936
135.453	5533.38
137.324	5088.1
139.195	5272.82
141.065	6018.3
142.935	7317.89
144.805	9253.29
146.672	12086
148.541	16786
150.409	22404
152.275	25708
154.143	22906.7
156.01	18442.1
157.875	14579.8
159.74	11211
161.606	8397.92
163.47	6109.94
165.333	4377.14
167.199	3387.46
169.061	2838.07
170.924	2697.37
172.785	2903.27
174.647	3002.64
176.508	3179.94
178.369	3350.18
180.229	3204
182.087	2778.17
183.947	2344.82
185.806	2103.41
187.665	2039.11
189.522	2034.65
191.38	2111.25
193.236	2257.58
195.093	2454.79
196.948	2701.55
198.803	2831.6
200.659	2698.44
202.513	2258
204.367	1931.18
206.22	1775.24
208.073	1760.62
209.925	1742.21
211.777	1714.03
213.629	1681.61
215.48	1643.91
217.329	1602.41
219.179	1563.46
221.029	1520.81
222.879	1481.04
224.727	1433.81
226.576	1427.58
228.422	1424.14
230.269	1518
232.116	1684
233.962	1940
235.807	2092.61
237.654	2100.63
239.498	1857.23
241.342	1597.62
243.186	1443.4
245.029	1317.41
246.872	1263.11
248.715	1210.1
250.555	1164.67
252.397	1135.38
254.238	1111.95
256.077	1096.78
257.918	1088.81
259.758	1087.11
261.596	1091.6
263.436	1098.79
265.273	1091.35
267.11	1068.46
268.946	1051.76
270.785	1035.88
272.62	1027.52
274.456	1019.4
276.291	1016.35
278.125	1017.98
279.96	1025.12
281.794	1038.51
283.627	1059.47
285.458	1094.13
287.291	1127.91
289.123	1165.92
290.953	1185.56
292.785	1152
294.614	1061.74
296.445	1053.9
298.274	1047.02
300.102	1041.87
301.932	1037.7
303.76	1034.33
305.587	1031.28
307.413	1016.61
309.24	1009.14
311.066	1006.86
312.891	1007.28
314.717	1011.07
316.542	1015.93
318.364	1020.95
320.188	1026.36
322.012	1032.64
323.834	1038.71
325.657	1045.51
327.478	1053.66
329.3	1066.69
331.12	1087.46
332.94	1115.05
334.761	1150.79
336.58	1193.22
338.398	1256.7
340.217	1292.66
342.034	1294.36
343.852	1231.93
345.669	1153.44
347.486	1126.73
349.302	1099.82
351.116	1076.18
352.932	1063.41
354.747	1059.09
356.56	1062.96
358.375	1074.67
360.187	1094.75
361.999	1122.95
363.812	1159.28
365.623	1203.73
367.434	1263.24
369.244	1336.76
371.054	1437.21
372.864	1549.65
374.673	1690.14
376.482	1870.57
378.291	2091.09
380.099	2353.57
381.907	2666.12
383.713	3030.16
385.52	3448.75
387.327	3868.03
389.131	4279.3
390.937	4640.78
392.741	4834.06
394.544	4892.61
396.347	4838.6
398.152	4572.08
399.954	4215.24
401.756	3808.11
403.558	3427.52
405.359	3106.99
407.16	2829.25
408.96	2598.29
410.761	2414.38
412.558	2276.6
414.358	2184.76
416.157	2139.26
417.954	2099.01
419.752	2142
421.548	2190.77
423.344	2102
425.141	1624.92
426.936	1559.58
428.731	1504.81
430.525	1454.21
432.319	1411.22
434.112	1360.8
435.906	1313.94
437.698	1283.47
439.491	1256.54
441.283	1235.15
443.075	1219.34
444.864	1209.38
446.655	1205.52
448.444	1205.93
450.234	1201.39
452.022	1193.35
453.812	1181.33
455.599	1165.33
457.386	1145.95
459.173	1127.77
460.959	1113.77
462.745	1105.2
464.531	1102.12
466.316	1099.95
468.101	1097.69
469.885	1095.1
471.669	1092.21
473.453	1089.06
475.235	1086.1
477.018	1083.43
478.799	1081.84
480.581	1081.7
482.361	1083.63
484.141	1075.06
485.922	1065.42
487.701	1056.95
489.48	1048.95
491.258	1048.99
493.036	1056.47
494.814	1062.5
496.591	1060.31
498.368	1058.61
500.142	1059.5
501.919	1061.95
503.694	1065.31
505.468	1058.19
507.243	1048.45
509.016	1038.29
510.79	1034.46
512.563	1036.22
514.334	1039.16
516.106	1042.26
517.879	1044.1
519.65	1044.08
521.42	1041.26
523.19	1035.83
524.958	1029.07
526.727	1022.38
528.496	1017.46
530.265	1018.48
532.031	1024.11
533.799	1035.61
535.565	1049.36
537.332	1048.51
539.097	1043.97
540.864	1039.63
542.628	1054.29
544.392	1059.22
546.156	1064.18
547.919	1067.21
549.682	1069.29
551.444	1070.86
553.207	1072.55
554.968	1074.97
556.73	1083.1
558.489	1100.46
560.25	1120.74
562.008	1139.68
563.769	1157.5
565.526	1175.14
567.286	1193.08
569.043	1211.92
570.8	1234.75
572.556	1262.01
574.314	1295.19
576.07	1335.88
577.826	1386.17
579.581	1440.6
581.334	1494.88
583.088	1541.21
584.842	1639.33
586.596	1746.8
588.347	1876.1
590.1	2011.56
591.851	2122.76
593.603	2183.99
595.353	2085.12
597.103	1962.45
598.852	1810
600.602	1654
602.352	1586.48
604.101	1541.88
605.847	1510.07
607.594	1491.96
609.342	1492.32
611.089	1509.1
612.835	1547.38
614.58	1585.41
616.326	1631.38
618.069	1684.31
619.815	1746.35
621.558	1831.01
623.3	1931.25
625.045	2060.37
626.787	2224.57
628.528	2423.08
630.27	2715.6
632.011	2958
633.751	3459.5
635.49	4050.77
637.229	4914
638.969	5857.26
640.708	7366.11
642.445	9402.59
644.184	12059.5
645.92	15386
647.656	18240
649.394	18982
651.129	17104
652.864	13736
654.599	10402
656.333	7832
658.067	6184
659.801	5018
661.534	4158
663.267	3585.86
664.998	3199.55
666.73	2931.76
668.462	2717.7
670.192	2528.87
671.921	2386
673.652	2276.5
675.381	2192.59
677.109	2137.86
678.837	2097.03
680.567	2059.1
682.294	2014.83
684.021	1967.14
685.746	1915.76
687.472	1863.57
689.198	1803.94
690.924	1742.12
692.647	1686.31
694.372	1640.28
696.095	1624.66
697.819	1616.17
699.541	1589.84
701.263	1569.66
702.987	1547.44
704.708	1551.33
706.428	1559.6
708.149	1575.18
709.869	1600.43
711.589	1624.76
713.306	1639.57
715.025	1647.88
716.744	1641.93
718.461	1614.18
720.179	1576.48
721.894	1537.93
723.612	1498.97
725.327	1445.25
727.042	1395.08
728.756	1356.51
730.473	1336.06
732.186	1317.08
733.9	1304.98
735.611	1300.05
737.324	1302.91
739.037	1309.93
740.749	1313.16
742.459	1328.05
744.17	1345.29
745.88	1364.91
747.591	1385.44
749.299	1402.47
751.008	1416.94
752.717	1435.24
754.425	1426.35
756.132	1395.74
757.839	1372.05
759.546	1365.44
761.252	1355.3
762.957	1357.39
764.662	1386.19
766.368	1409.98
768.071	1419.8
769.775	1422.95
771.478	1393.19
773.182	1374.34
774.884	1350.35
776.585	1334.84
778.286	1339.31
779.987	1358.62
781.688	1385.89
783.388	1397.48
785.088	1401.22
786.787	1399.22
788.487	1378.76
790.184	1354.77
791.882	1323.73
793.58	1295.49
795.276	1268.2
796.972	1245.09
798.669	1236.58
800.364	1237.88
802.059	1240.5
803.753	1238.96
805.447	1230.52
807.141	1222.15
808.835	1214.41
810.528	1206.78
812.22	1199.19
813.911	1183.1
815.603	1171.05
817.293	1162.82
818.984	1159.79
820.674	1156.8
822.363	1153.84
824.053	1151.18
825.741	1149.33
827.429	1147.6
829.117	1146.35
830.804	1145.69
832.491	1145.57
834.178	1146.64
835.862	1152.46
837.548	1156.71
839.232	1156.45
840.917	1151.6
842.601	1148.91
844.285	1140.88
845.968	1142.32
847.65	1149.34
849.332	1147.67
851.015	1146.34
852.697	1145.98
854.376	1146.72
856.056	1148.9
857.737	1152.28
859.417	1158.4
861.094	1156.47
862.774	1152.32
864.451	1144.51
866.129	1136.31
867.806	1128.65
869.484	1120.48
871.16	1117.33
872.835	1120.97
874.51	1123.91
876.185	1128.68
877.86	1121.5
879.534	1110.51
881.206	1097.62
882.88	1091.87
884.553	1093.19
886.224	1093.13
887.897	1098.44
889.567	1108
891.237	1109.17
892.909	1109.85
894.578	1106.69
896.248	1098.67
897.916	1085.17
899.585	1073.14
901.253	1065.62
902.919	1063.08
904.587	1064.85
906.254	1071.36
907.919	1074.07
909.586	1072.72
911.25	1070.08
912.916	1071.22
914.58	1078.08
916.244	1082.95
917.907	1085.39
919.57	1084.39
921.232	1069.49
922.894	1064.61
924.556	1062.03
926.218	1059.38
927.877	1060.67
929.538	1066.05
931.197	1060.71
932.858	1049.3
934.516	1036.41
936.175	1030.57
937.833	1032.17
939.49	1040.62
941.147	1056.36
942.804	1064.23
944.46	1070.77
946.116	1073.01
947.77	1064.07
949.425	1059.62
951.08	1054.12
952.733	1050.37
954.388	1046.18
956.04	1051.03
957.692	1063.53
959.345	1057.15
960.996	1053.35
962.647	1047.15
964.298	1047.62
965.948	1054.8
967.599	1061.47
969.246	1066.2
970.896	1069.93
972.545	1072.95
974.192	1076.01
975.84	1080.16
977.487	1082.27
979.133	1081.82
980.78	1077.77
982.426	1070.58
984.071	1065.5
985.716	1062.68
987.36	1065.28
989.004	1068.89
990.648	1074.06
992.29	1082.01
993.933	1095.33
995.574	1089.86
997.217	1084.28
998.857	1079.99
