50.5539	3787.1
52.4465	4037.91
54.3386	3658.72
56.2304	3659.08
58.1217	4875.37
60.0127	7403.47
61.9033	12554.7
63.7914	20990.8
65.6813	32405.3
67.5707	31097.8
69.4598	17365.5
71.3464	11475.3
73.2347	9145.08
75.1205	8734.01
77.0081	8506.36
78.8931	8290.64
80.7778	8127.3
82.6642	7996.48
84.5481	7926.59
86.4316	7908.81
88.3148	7936.41
90.1975	8004.83
92.0799	8096.92
93.9619	8170.44
95.8436	8319.93
97.7248	8383.79
99.6057	8510.15
101.486	8656.79
103.364	8902.6
105.244	9269.5
107.123	9802.11
109	10583.8
110.879	11623.5
112.755	13094.7
114.633	14617.8
116.508	20102.4
118.383	35773.5
120.26	48897.7
122.134	58431.3
124.008	64657.9
125.881	66913.9
127.754	65822
129.627	61398.2
131.499	53280.4
133.371	41019.6
135.243	28272.4
137.114	21283.7
138.983	23608.5
140.853	26239.3
142.723	32464.7
144.591	42722.3
146.46	58108.6
148.327	64667
150.196	64959.4
152.062	65054.2
153.927	65021.1
155.795	64936.2
157.66	64933.6
159.524	64917.6
161.389	54697.9
163.252	36865.3
165.116	25919.2
166.979	20198.4
168.842	17284
170.704	16182.1
172.566	16719.7
174.425	18632.1
176.287	21388.8
178.148	22205.8
180.006	20816
181.866	17102.6
183.724	13737.5
185.583	11512.3
187.44	10162.4
189.296	9655.78
191.153	9900.86
193.01	10691.9
194.866	11658.8
196.721	12474.4
198.576	12754.5
200.43	12000.8
202.284	10447.4
204.137	9201.43
205.988	8868.69
207.841	8842.83
209.694	8817.75
211.546	8763.92
213.395	8613.83
215.247	8364.42
217.096	8066.04
218.946	7696.94
220.794	7277.06
222.642	6845.3
224.489	6520.46
226.339	6373.66
228.185	6415.74
230.031	6666.75
231.877	7057.87
233.723	7576.86
235.568	8033.11
237.413	8142.07
239.257	7519.65
241.099	6762.27
242.943	6042.05
244.786	5569.26
246.627	5213.16
248.47	4936.14
250.31	4733.84
252.152	4586.15
253.991	4466.76
255.83	4362.46
257.671	4273.4
259.51	4200.92
261.348	4146.66
263.185	4093.41
265.022	4043.24
266.859	3995.54
268.696	3947.59
270.532	3905.07
272.368	3872.23
274.201	3856.66
276.036	3857.38
277.871	3898.43
279.703	3969.74
281.537	4101.7
283.368	4271.5
285.202	4503.08
287.032	4792.08
288.863	5052.15
290.695	5167.75
292.525	4809.84
294.354	4445.69
296.183	4310.84
298.012	4227.08
299.84	4174.02
301.668	4137.14
303.495	4081.56
305.322	4027.13
307.147	3983.33
308.974	3948.02
310.8	3922.72
312.623	3906.12
314.449	3898.54
316.272	3897.39
318.094	3902.72
319.918	3911.7
321.74	3919.49
323.562	3929.61
325.383	3959.04
327.204	4009.04
329.024	4086.73
330.844	4205.85
332.664	4364.6
334.483	4573.43
336.302	4855.54
338.121	5183.12
339.937	5475.49
341.755	5510.07
343.572	5175.1
345.387	4772.86
347.202	4373.97
349.018	4172.43
350.832	4017.74
352.646	3926.82
354.461	3903.6
356.274	3917.78
358.087	3980.53
359.899	4084.13
361.711	4191.19
363.523	4339.1
365.334	4535.37
367.145	4775.41
368.953	5077.94
370.763	5487.29
372.573	5960.52
374.38	6564.23
376.189	7367.4
377.996	8392.25
379.802	9659.55
381.61	11139.9
383.415	12874.4
385.221	14849.9
387.026	16992.2
388.83	19284.2
390.634	21260.1
392.438	22529.9
394.241	23148.9
396.044	23036.8
397.847	22178.6
399.649	20686.9
401.449	18532.9
403.251	16359.7
405.05	14572.3
406.851	13037.8
408.65	11800.8
410.45	10830.5
412.248	10106.6
414.045	9561.1
415.842	9095.08
417.641	8654.66
419.438	8177.7
421.234	7675.79
423.029	7145.25
424.823	6550
426.618	6114.51
428.412	5705.28
430.207	5418.43
431.999	5205.17
433.792	5052.99
435.583	4926.29
437.376	4821.62
439.167	4723.18
440.957	4622.97
442.749	4539.02
444.538	4460.95
446.327	4391.67
448.116	4330.12
449.905	4273.42
451.693	4218.47
453.48	4160.61
455.268	4103.21
457.055	4044.79
458.839	3988.81
460.626	3937.13
462.412	3893.15
464.195	3853.73
465.979	3819.98
467.763	3790.34
469.546	3764.83
471.328	3742.64
473.112	3723.97
474.894	3708.88
476.675	3696.26
478.455	3684.84
480.236	3672.42
482.016	3657.75
483.796	3642.15
485.573	3623.82
487.352	3604.51
489.131	3585.27
490.907	3568.41
492.685	3553.05
494.461	3538.23
496.238	3523.66
498.013	3508.92
499.788	3494.24
501.562	3479.97
503.338	3465.93
505.112	3452.18
506.885	3438.79
508.658	3425.91
510.428	3411.6
512.2	3395.82
513.972	3379.03
515.744	3361.75
517.513	3343.56
519.284	3326.97
521.052	3310.77
522.822	3302.59
524.59	3298.58
526.36	3298.33
528.127	3302.99
529.893	3312.32
531.66	3327.43
533.426	3346.41
535.192	3350.59
536.957	3330.48
538.722	3372.57
540.487	3386.03
542.249	3426.45
544.013	3451.35
545.777	3476.24
547.538	3504.25
549.301	3534.52
551.061	3564.14
552.822	3600.75
554.584	3651.72
556.343	3711.7
558.102	3775.14
559.861	3828.43
561.62	3884.64
563.378	3952.19
565.136	4033.39
566.894	4127.94
568.651	4234.85
570.406	4354.54
572.162	4487.59
573.916	4634.08
575.672	4799.19
577.426	5020.18
579.181	5396.54
580.934	5737.64
582.686	6194.79
584.438	6808.2
586.192	7590
587.944	8649.07
589.695	9780.85
591.444	10733.5
593.194	11215.7
594.944	10871.3
596.694	9932.29
598.441	8674.39
600.19	7660.14
601.937	6806.18
603.686	6217.43
605.432	5848.34
607.18	5661.47
608.925	5574.89
610.67	5553.65
612.415	5593.4
614.159	5699.12
615.903	5859.25
617.647	6094.5
619.39	6428.44
621.133	6864.93
622.874	7389.32
624.617	8049.23
626.359	8857.11
628.098	9851.73
629.838	11031.3
631.579	12535.2
633.318	14583.2
635.056	17300.8
636.796	20778.4
638.534	25164.6
640.271	33611.8
642.008	45231.8
643.745	56222.1
645.479	62597.4
647.215	65959.1
648.951	67433.5
650.684	66348.2
652.419	62942.2
654.154	56931
655.887	48654.8
657.619	38026.5
659.352	26892.6
661.084	20068.9
662.815	18143.7
664.546	15575.8
666.276	13758.6
668.006	12373.1
669.736	11329
671.465	10576.3
673.192	10014.8
674.921	9580.84
676.65	9197.94
678.376	8862.26
680.103	8553.3
681.829	8264.3
683.554	7996.68
685.281	7724.92
687.005	7453.74
688.729	7198.5
690.453	6941.32
692.177	6692.58
693.9	6456.2
695.622	6235.22
697.345	6030.41
699.065	5843.84
700.787	5677.38
702.506	5532.21
704.228	5410.79
705.946	5318.88
707.667	5263.73
709.385	5246.47
711.103	5271.2
712.821	5343.78
714.538	5462.02
716.257	5636.06
717.971	5860.28
719.688	6129.23
721.403	6365.2
723.119	6199.25
724.834	6010.57
726.547	5657.32
728.262	5305.01
729.974	4948.41
731.686	4764.81
733.4	4573.04
735.111	4444.67
736.822	4321.39
738.533	4211.5
740.243	4131.79
741.953	4072.69
743.663	4036.96
745.372	4022.37
747.081	4023.81
748.788	4038.33
750.496	4010.42
752.204	4005.43
753.91	4008.6
755.615	4021.42
757.323	4045.37
759.027	4074.01
760.732	4244
762.436	4658
764.14	4992
765.843	5362
767.547	5662
769.249	5718
770.952	5392
772.652	5108
774.354	4762
776.056	4562
777.755	4436
779.454	4526
781.155	4566
782.853	4588
784.551	4676.52
786.249	4578.65
787.946	4369.29
789.643	4131.15
791.34	3908.94
793.036	3757.07
794.732	3614.96
796.426	3504.05
798.121	3421.08
799.814	3364.24
801.509	3331.29
803.202	3319.52
804.896	3306.76
806.588	3286.81
808.279	3258.06
809.971	3220.25
811.661	3174.1
813.352	3119.32
815.042	3057.48
816.732	2994.19
818.42	2940.24
820.109	2896.24
821.798	2862.49
823.485	2838.63
825.173	2823.61
826.859	2816.09
828.545	2814.49
830.231	2813.53
831.918	2809.04
833.603	2797.1
835.287	2778.73
836.971	2752.59
838.653	2736.09
840.337	2727.54
842.02	2726.2
843.703	2730.4
845.384	2733.6
847.066	2736.11
848.746	2737.86
850.426	2737.32
852.107	2727.94
853.786	2717.04
855.465	2706.65
857.143	2695.75
858.821	2682.69
860.499	2669.24
862.177	2656.42
863.852	2646.03
865.529	2638.4
867.205	2632.63
868.88	2627.95
870.554	2623.02
872.229	2613.56
873.902	2598.1
875.576	2578.34
877.248	2552.31
878.923	2528.29
880.595	2514.58
882.264	2511.65
883.936	2506.11
885.607	2501.52
887.278	2494.06
888.947	2483.37
890.617	2470.65
892.285	2455.3
893.954	2439.74
895.622	2428.51
897.289	2419.64
898.955	2420.97
900.624	2418.38
902.29	2412.39
903.956	2404.4
905.619	2394.99
907.284	2385.23
908.949	2373.32
910.612	2360.48
912.276	2348.24
913.94	2337.84
915.602	2330.35
917.263	2324.77
918.926	2322.28
920.587	2321.53
922.247	2321.04
923.907	2317.81
925.567	2312.38
927.227	2303.73
928.884	2295.21
930.543	2290.92
932.201	2288.42
933.858	2288.58
935.516	2290.57
937.171	2293.28
938.829	2297.07
940.484	2293.15
942.138	2282.55
943.793	2274.37
945.447	2268.6
947.101	2265.18
948.755	2250.84
950.408	2235.65
952.059	2226.13
953.711	2219.14
955.364	2212.85
957.014	2206.45
958.666	2200.76
960.315	2193.65
961.964	2193.01
963.613	2188.65
965.262	2190.05
966.91	2184.7
968.558	2174.84
970.206	2161.87
971.853	2152.08
973.5	2148.74
975.145	2157.09
976.791	2158.57
978.435	2161.27
980.081	2163.27
981.725	2166.3
983.368	2171.05
985.013	2177.7
986.656	2186.98
988.298	2197.47
989.94	2210.06
991.58	2215.29
993.221	2221.77
994.862	2220.31
996.503	2219.01
998.142	2190.02
999.782	2187.05
