101.686	971.529
103.566	984.724
105.446	1010.99
107.325	1098
109.204	1264.59
111.083	1495.38
112.959	1824.39
114.837	2292.46
116.714	3006.84
118.589	3889.91
120.466	5404
122.34	7856
124.216	10786
126.089	12892
127.962	12204
129.835	9160
131.709	5732
133.581	3870
135.453	2998.83
137.324	2775.57
139.195	2909.33
141.065	3297.75
142.935	4002.73
144.805	5044.17
146.672	6404.27
148.541	8904
150.409	12044
152.275	14006
154.143	12611
156.01	9990.14
157.875	7856.97
159.74	6022.02
161.606	4514.43
163.47	3236.5
165.333	2366.87
167.199	1816.58
169.061	1547.24
170.924	1463.47
172.785	1565.7
174.647	1685.53
176.508	1804.73
178.369	1846.23
180.229	1791.62
182.087	1612.52
183.947	1312.34
185.806	1170.58
187.665	1139.17
189.522	1131.88
191.38	1166.17
193.236	1246.65
195.093	1354.18
196.948	1491.84
198.803	1588.06
200.659	1495.7
202.513	1261.07
204.367	1071.71
206.22	1008.46
208.073	1002.61
209.925	960.937
211.777	995.069
213.629	976.54
215.48	963.458
217.329	937.544
219.179	912.823
221.029	886.842
222.879	878.097
224.727	859.741
226.576	852.339
228.422	856.281
230.269	887.227
232.116	995.114
233.962	1140.51
235.807	1262.93
237.654	1183.32
239.498	1028.94
241.342	933.883
243.186	849.934
245.029	784.583
246.872	739.205
248.715	711.111
250.555	692.186
252.397	682.355
254.238	678.91
256.077	675.8
257.918	668.86
259.758	667.679
261.596	664.842
263.436	661.287
265.273	656.963
267.11	650.744
268.946	643.134
270.785	632.469
272.62	620.821
274.456	613.796
276.291	609.736
278.125	617.844
279.96	631.313
281.794	646.895
283.627	662.205
285.458	676.237
287.291	694.617
289.123	700.307
290.953	694.419
292.785	677.074
294.614	657.121
296.445	640.757
298.274	629.128
300.102	629.749
301.932	625.376
303.76	621.786
305.587	618.786
307.413	616.607
309.24	615.305
311.066	614.939
312.891	615.206
314.717	616.411
316.542	618.749
318.364	621.153
320.188	622.849
322.012	619.914
323.834	618.388
325.657	620.362
327.478	625.964
329.3	635.442
331.12	647.31
332.94	663.357
334.761	686.869
336.58	715.025
338.398	737.036
340.217	757.574
342.034	755.337
343.852	734.784
345.669	708.405
347.486	684.174
349.302	659.071
351.116	639.278
352.932	651.702
354.747	651.578
356.56	653.602
358.375	659.931
360.187	670.607
361.999	685.185
363.812	704.369
365.623	728.531
367.434	757.49
369.244	801.061
371.054	846.902
372.864	902.379
374.673	976.26
376.482	1070.77
378.291	1183.1
380.099	1331.02
381.907	1502.74
383.713	1712.15
385.52	1946.42
387.327	2176.49
389.131	2428.38
390.937	2628
392.741	2814
394.544	2766
396.347	2756
398.152	2635.84
399.954	2369.25
401.756	2149.87
403.558	1968.34
405.359	1735.43
407.16	1591.17
408.96	1473.51
410.761	1383.36
412.558	1313.63
414.358	1268.15
416.157	1240.81
417.954	1227.19
419.752	1246.08
421.548	1270.54
423.344	1217.42
425.141	984.379
426.936	899.508
428.731	858.421
430.525	862.017
432.319	832.579
434.112	813.646
435.906	792.066
437.698	775.053
439.491	760.905
441.283	749.292
443.075	740.671
444.864	734.981
446.655	732.019
448.444	731.917
450.234	732.713
452.022	730.339
453.812	725.504
455.599	718.633
457.386	707.964
459.173	693.876
460.959	665.365
462.745	692.742
464.531	683.003
466.316	680.002
468.101	678.671
469.885	678.495
471.669	679.087
473.453	679.679
475.235	678.01
477.018	673.763
478.799	669.888
480.581	668.587
482.361	667.954
484.141	667.709
485.922	668.013
487.701	668.51
489.48	669.283
491.258	669.337
493.036	668.351
494.814	666.796
496.591	664.656
498.368	663.222
500.142	659.867
501.919	652.198
503.694	660.744
505.468	661.04
507.243	662.314
509.016	664.288
510.79	667.131
512.563	670.412
514.334	670.676
516.106	665.034
517.879	660.001
519.65	657.87
521.42	657.266
523.19	650.435
524.958	642.76
526.727	642.362
528.496	645.699
530.265	650.7
532.031	653.303
533.799	650.774
535.565	648.749
537.332	648.104
539.097	649.243
540.864	650.856
542.628	657.994
544.392	658.514
546.156	662.569
547.919	667.941
549.682	674.756
551.444	682.952
553.207	692.298
554.968	699.132
556.73	690.251
558.489	692.776
560.25	698.923
562.008	706.041
563.769	715.936
565.526	728.618
567.286	743.107
569.043	758.628
570.8	775.348
572.556	792.276
574.314	807.479
576.07	826.647
577.826	850.373
579.581	877.202
581.334	905.912
583.088	937.449
584.842	978.991
586.596	1037.38
588.347	1095.07
590.1	1177.01
591.851	1240.05
593.603	1256.74
595.353	1214.59
597.103	1144.89
598.852	1045.42
600.602	990.211
602.352	944.375
604.101	922.438
605.847	910.617
607.594	908.573
609.342	915.474
611.089	930.755
612.835	949.96
614.58	966.847
616.326	985.23
618.069	1008.07
619.815	1039.33
621.558	1078.5
623.3	1127.61
625.045	1196.45
626.787	1287.99
628.528	1394.75
630.27	1526.66
632.011	1688.3
633.751	1909.96
635.49	2276
637.229	2694
638.969	3242
640.708	4030
642.445	5196
644.184	6814
645.92	8530
647.656	10172
649.394	10736
651.129	9708
652.864	7732
654.599	5906
656.333	4384
658.067	3410
659.801	2792
661.534	2360
663.267	2004
664.998	1782
666.73	1630.74
668.462	1503.28
670.192	1408.06
671.921	1363.55
673.652	1324.83
675.381	1296.46
677.109	1262.95
678.837	1236.21
680.567	1210.32
682.294	1186.35
684.021	1163.8
685.746	1142.04
687.472	1119.91
689.198	1085.09
690.924	1054.11
692.647	1025.86
694.372	1001.18
696.095	980.822
697.819	967.327
699.541	957.041
701.263	951.08
702.987	949.271
704.708	952.522
706.428	957.11
708.149	961.994
709.869	967.883
711.589	975.202
713.306	977.233
715.025	977.366
716.744	972.721
718.461	963.99
720.179	951.537
721.894	935.622
723.612	916.227
725.327	893.739
727.042	871.548
728.756	854
730.473	837.947
732.186	826.698
733.9	818.931
735.611	815.139
737.324	815.273
739.037	819.295
740.749	827.182
742.459	838.514
744.17	845.564
745.88	854.882
747.591	865.069
749.299	873.053
751.008	879.194
752.717	886.411
754.425	888.336
756.132	881.683
757.839	873.793
759.546	864.8
761.252	860.087
762.957	853.619
764.662	870.768
766.368	892.307
768.071	897.146
769.775	891.374
771.478	875.462
773.182	848.775
774.884	850.549
776.585	848.195
778.286	850.23
779.987	853.97
781.688	860.798
783.388	873.6
785.088	878.619
786.787	874.642
788.487	869.172
790.184	855.032
791.882	838.437
793.58	824.033
795.276	811.805
796.972	801.532
798.669	796.387
800.364	781.999
802.059	771.675
803.753	782.63
805.447	789.025
807.141	779.135
808.835	770.186
810.528	762.946
812.22	757.455
813.911	753.358
815.603	750.716
817.293	746.031
818.984	744.915
820.674	746.209
822.363	751.187
824.053	759.311
825.741	749.328
827.429	739.54
829.117	733.467
830.804	735.563
832.491	743.274
834.178	739.907
835.862	741.174
837.548	743.397
839.232	744.099
840.917	742.2
842.601	739.571
844.285	737.983
845.968	737.621
847.65	738.727
849.332	738.492
851.015	740.268
852.697	743.488
854.376	748.356
856.056	754.196
857.737	756.456
859.417	759.752
861.094	755.267
862.774	752.214
864.451	750.573
866.129	743.217
867.806	735.73
869.484	729.46
871.16	725.254
872.835	727.255
874.51	731.171
876.185	737.243
877.86	737.575
879.534	734.266
881.206	730.637
882.88	726.363
884.553	729.037
886.224	724.595
887.897	722.357
889.567	721.8
891.237	722.959
892.909	722.748
894.578	720.003
896.248	715.892
897.916	710.638
899.585	706.292
901.253	703.512
902.919	703.104
904.587	703.073
906.254	704.452
907.919	707.303
909.586	712.135
911.25	714.183
912.916	715.433
914.58	716.189
916.244	716.371
917.907	715.882
919.57	714.628
921.232	712.724
922.894	710.132
924.556	706.938
926.218	702.882
927.877	699.733
929.538	697.781
931.197	700.289
932.858	702.587
934.516	702.506
936.175	702.799
937.833	703.606
939.49	703.967
941.147	705.707
942.804	708.232
944.46	711.293
946.116	713.795
947.77	715.817
949.425	716.701
951.08	716.523
952.733	715.056
954.388	712.115
956.04	709.335
957.692	706.629
959.345	704.852
960.996	703.98
962.647	703.986
964.298	705.225
965.948	706.545
967.599	708.442
969.246	709.789
970.896	709.698
972.545	708.82
974.192	700.723
975.84	702.505
977.487	707.977
979.133	710.539
980.78	711.062
982.426	711.803
984.071	711.052
985.716	713.525
987.36	714.755
989.004	716.404
990.648	718.606
992.29	721.224
993.933	724.22
995.574	727.407
997.217	730.29
998.857	730.954
1000.5	728.829
1002.14	726.194
1003.78	722.111
1005.42	717.202
1007.06	712.089
1008.7	711.232
1010.33	713.09
1011.97	721.471
1013.61	728.32
1015.24	733.597
1016.88	735.956
1018.52	738.485
1020.15	740.743
1021.79	738.12
1023.42	733.289
1025.05	726.335
1026.69	725.504
1028.32	731.317
1029.95	738.378
1031.59	746.755
1033.22	748.176
1034.85	750.094
1036.48	754.439
1038.11	747.733
1039.74	742.989
1041.37	739.203
1043	736.498
1044.63	734.623
1046.26	733.292
1047.88	732.971
1049.51	733.697
1051.14	735.255
1052.76	737.547
1054.39	740.636
1056.01	743.954
1057.64	744.352
1059.26	745.629
1060.89	746.552
1062.51	746.431
1064.13	741.993
1065.76	737.386
1067.38	746.599
1069	745.776
1070.62	744.664
1072.24	743.251
1073.86	741.668
1075.48	741.108
1077.1	740.569
1078.72	740.385
1080.34	742.083
1081.96	744.056
1083.58	745.314
1085.19	746.61
1086.81	748.369
1088.43	750.063
1090.04	751.592
1091.66	750.274
1093.27	749.781
1094.89	754.77
1096.5	755.113
1098.11	754.023
1099.73	753.327
1101.34	753.236
1102.95	753.464
1104.57	754.138
1106.18	752.892
1107.79	752.286
1109.4	749.769
1111.01	749.426
1112.62	751.946
1114.23	756.348
1115.84	759.348
1117.45	760.118
1119.05	760.11
1120.66	759.514
1122.27	756.288
1123.87	751.013
1125.48	746.821
1127.09	744.02
1128.69	742.071
1130.3	741.241
1131.9	741.377
1133.5	742.469
1135.11	744.546
1136.71	747.689
1138.31	751.663
1139.92	755.353
1141.52	752.333
1143.12	749.346
1144.72	746.9
1146.32	744.027
1147.92	741.764
1149.52	739.465
1151.12	738.017
1152.71	738.162
1154.31	740.111
1155.91	746.848
1157.51	753.211
1159.1	752.142
1160.7	749.645
1162.3	745.942
1163.89	742.912
1165.49	736.591
1167.08	733.881
1168.68	735.309
1170.27	738.378
1171.86	743.267
1173.45	747.672
1175.05	751.671
1176.64	755.6
1178.23	759.414
1179.82	763.024
1181.41	766.329
1183	766.972
1184.59	765.849
1186.18	763.981
1187.77	761.751
1189.36	758.452
1190.95	756.393
1192.53	753.519
1194.12	753.439
1195.7	755.163
1197.29	760.214
1198.88	766.752
1200.46	769.05
1202.05	771.518
1203.63	773.93
1205.21	775.694
1206.8	777.077
1208.38	777.625
1209.96	777.212
1211.54	775.813
1213.13	773.822
1214.71	769.327
1216.29	762.965
1217.87	762.902
1219.45	765.308
1221.03	768.071
1222.61	768.171
1224.19	768.157
1225.76	768.123
1227.34	768.075
1228.92	767.809
1230.49	767.548
1232.07	767.081
1233.65	766.967
1235.22	768.943
1236.8	771.925
1238.37	770.765
1239.95	767.353
1241.52	763.636
1243.09	759.679
1244.67	756.828
1246.24	755.362
1247.81	755.222
1249.38	756.324
1250.95	758.729
1252.52	762.23
1254.09	760.914
1255.66	756.049
1257.23	758.595
1258.8	769.811
1260.37	777.812
1261.94	782.678
1263.5	782.829
1265.07	783.299
1266.64	783.728
1268.2	784.405
1269.77	784.376
1271.34	775.552
1272.9	771.284
1274.46	772.584
1276.03	774.64
1277.59	777.518
1279.15	781.099
1280.72	785.406
1282.28	790.553
1283.84	794.471
1285.4	794.695
1286.96	792.892
1288.52	792.033
1290.08	791.491
1291.64	789.803
1293.2	787.327
1294.76	784.599
1296.32	781.748
1297.88	783.146
1299.43	784.402
1300.99	787.818
1302.55	792.544
1304.1	797.682
1305.66	803.271
1307.21	797.159
1308.77	792.512
1310.32	788.378
1311.87	783.788
1313.43	779.063
1314.98	784.758
1316.53	787.257
1318.09	795.398
1319.64	801.123
1321.19	804.212
1322.74	802.648
1324.29	803.354
1325.84	798.308
1327.39	792.169
1328.94	787.158
1330.49	784.641
1332.03	785.201
1333.58	789.493
1335.13	795.715
1336.68	803.054
1338.22	803.217
1339.77	803.684
1341.31	804.339
1342.86	805.372
1344.4	805.26
1345.95	805.575
1347.49	802.868
1349.03	797.699
1350.58	794.225
1352.12	791.134
1353.66	786.066
1355.2	777.848
1356.74	774.127
1358.28	772.309
1359.82	773.494
1361.36	776.822
1362.9	781.231
1364.44	782.78
1365.98	783.283
1367.52	783.906
1369.06	784.191
1370.59	781.99
1372.13	780.679
1373.67	780.157
1375.2	780.552
1376.74	781.054
1378.27	781.327
1379.81	781.647
1381.34	782.507
1382.88	783.829
1384.41	784.796
1385.94	784.622
1387.47	784.933
1389.01	786.23
1390.54	788.198
1392.07	790.91
1393.6	793.928
1395.13	792.18
1396.66	795.689
1398.19	801.838
1399.72	806.943
1401.24	810.841
1402.77	809.698
1404.3	807.461
1405.83	806.706
1407.35	806.591
1408.88	807.69
1410.41	808.453
1411.93	804.273
1413.46	801.426
1414.98	800.239
1416.5	804.004
1418.03	807.442
1419.55	812.22
1421.07	817.795
1422.6	819.339
1424.12	820.476
1425.64	825.399
1427.16	826.137
1428.68	825.571
1430.2	825.664
1431.72	824.903
1433.24	820.452
1434.76	816.895
1436.28	821.678
1437.8	820.483
1439.31	819.501
1440.83	825.407
1442.35	828.936
1443.86	826.238
1445.38	820.15
1446.89	816.917
1448.41	778.549
1449.92	816.754
1451.44	822.074
1452.95	820.852
1454.46	818.293
1455.98	814.642
1457.49	813.386
1459	812.69
1460.51	817.855
1462.02	820.392
1463.53	821.68
1465.04	821.74
1466.56	820.577
1468.06	818.845
1469.57	817.081
1471.08	815.491
1472.59	815.538
1474.1	819.29
1475.6	819.281
1477.11	816.363
1478.62	814.096
1480.12	812.419
1481.63	811.414
1483.13	811.099
1484.64	811.399
1486.14	812.289
1487.65	813.958
1489.15	816.25
1490.65	822.213
1492.15	827.287
1493.66	826.766
1495.16	825.599
1496.66	825.492
1498.16	829.392
1499.66	827.81
1501.16	826.204
1502.66	824.3
1504.16	822.8
1505.66	828.785
1507.15	837.699
1508.65	839.496
1510.15	840.17
1511.65	841.229
1513.14	842.975
1514.64	845.133
1516.13	847.261
1517.63	848.21
1519.12	844.683
1520.62	838.621
1522.11	834.792
1523.6	824.673
1525.1	836.201
1526.59	842.96
1528.08	844.079
1529.57	844.012
1531.06	848.817
1532.55	854.079
1534.04	859.555
1535.54	864.694
1537.03	868.45
1538.51	870.957
1540	866.735
1541.49	863.385
1542.98	858.233
1544.47	855.785
1545.95	855.7
1547.44	859.233
1548.92	859.864
1550.41	856.017
1551.9	857.073
1553.38	860.704
1554.86	875.132
1556.35	881.581
1557.83	877.843
1559.32	873.267
1560.8	869.688
1562.28	866.616
1563.76	864.8
1565.24	864.184
1566.72	866.482
1568.2	867.126
1569.69	866.986
1571.16	861.692
1572.64	851.009
1574.12	841.3
1575.6	837.911
1577.08	838.326
1578.56	839.303
1580.03	843.677
1581.51	850.784
1582.99	858.817
1584.46	862.954
1585.94	855.665
1587.41	849.105
1588.89	844.027
1590.36	839.559
1591.83	841.933
1593.31	846.64
1594.78	850.958
1596.25	853.075
1597.72	854.647
1599.2	851.87
1600.67	848.052
1602.14	846.828
1603.61	846.389
1605.08	846.692
1606.55	846.565
1608.02	846.196
1609.48	845.901
1610.95	845.758
1612.42	846.019
1613.89	846.527
1615.35	847.57
1616.82	850.323
1618.29	853.023
1619.75	855.414
1621.22	856.771
1622.68	853.969
1624.15	849.691
1625.61	848.237
1627.07	849.379
1628.54	850.047
1630	850.821
1631.46	851.943
1632.92	852.612
1634.38	851.972
1635.84	845.557
1637.3	840.269
1638.76	839.141
1640.22	841.335
1641.68	843.545
1643.14	844.96
1644.6	845.906
1646.06	847.192
1647.52	850.177
1648.97	853.798
1650.43	856.847
1651.89	859.778
1653.34	863.534
1654.8	866.661
1656.25	866.425
1657.71	862.599
1659.16	858.264
1660.61	854.389
1662.07	851.677
1663.52	850.975
1664.97	851.965
1666.43	851.386
1667.88	856.219
1669.33	860.657
1670.78	863.182
1672.23	867.348
1673.68	867.02
1675.13	862.644
1676.58	857.694
1678.02	855.111
1679.47	854.576
1680.92	855.977
1682.37	857.471
1683.81	857.895
1685.26	855.997
1686.71	850.85
1688.15	846.362
1689.6	846.285
1691.04	848.743
1692.49	850.539
1693.93	850.954
1695.37	850.506
1696.82	848.9
1698.26	846.916
1699.7	844.16
1701.14	841.126
1702.59	837.649
1704.03	833.792
1705.47	830.504
1706.91	827.458
1708.35	829.386
1709.79	834.646
1711.23	840.244
1712.66	837.258
1714.1	833.986
1715.54	838.47
1716.98	847.482
1718.41	855.051
1719.85	856.435
1721.28	855.33
1722.72	853.628
1724.16	851.694
1725.59	850.372
1726.24	850.139
1727.74	850.225
1729.22	853.248
1730.71	858.261
1732.2	864.97
1733.69	872.465
1735.18	877.735
1736.67	880.827
1738.15	881.614
1739.64	880.681
1741.13	874.647
1742.61	876.392
1744.1	880.488
1745.59	880.188
1747.07	880.467
1748.56	881.143
1750.04	883.637
1751.52	883.834
1753.01	868.897
1754.49	871.358
1755.97	873.756
1757.46	876.932
1758.94	880.474
1760.42	884.642
1761.9	888.639
1763.38	888.913
1764.86	888.774
1766.34	889.423
1767.82	891.1
1769.3	893.648
1770.78	897.256
1772.26	897.567
1773.74	895.515
1775.22	891.557
1776.7	886.327
1778.17	881.166
1779.65	880.484
1781.12	882.826
1782.6	889.064
1784.08	883.507
1785.55	872.52
1787.03	870.982
1788.5	872.794
1789.98	881.683
1791.45	881.035
1792.93	878.43
1794.4	877.883
1795.87	878.799
1797.34	880.702
1798.81	882.416
1800.29	879.029
1801.76	876.414
1803.23	874.697
1804.7	874.421
1806.17	876.009
1807.64	872.341
1809.11	868.26
1810.58	870.887
1812.05	873.663
1813.52	876.479
1814.98	876.485
1816.45	874.551
1817.92	871.459
1819.39	866.714
1820.85	862.671
1822.32	865.981
1823.78	865.458
1825.25	865.301
1826.71	865.866
1828.18	867.83
1829.64	871.284
1831.11	879.112
1832.57	887.914
1834.04	894.856
1835.5	898.859
1836.96	897.893
1838.42	893.044
1839.89	889.608
1841.35	887.218
1842.81	885.456
1844.27	883.745
1845.73	881.749
1847.19	880.065
1848.65	879.059
1850.11	878.512
1851.57	878.363
1853.02	880.519
1854.48	886.033
1855.94	890.621
1857.4	896.079
1858.85	902.804
1860.31	905.502
1861.77	898.35
1863.22	897.116
1864.68	898.871
1866.13	901.556
1867.59	899.403
1869.04	898.279
1870.5	897.643
1871.95	907.618
1873.4	910.916
1874.86	911.874
1876.31	912.602
1877.76	908.912
1879.21	907.11
1880.66	915.86
1882.12	917.476
1883.57	919.793
1885.02	918.629
1886.47	912.734
1887.91	909.484
1889.37	907.099
1890.81	908.176
1892.26	915.684
1893.71	918.56
1895.16	920.801
1896.61	922.378
1898.05	922.292
1899.5	918.052
1900.95	912.336
1902.39	909.779
1903.84	910.143
1905.28	913.119
1906.73	915.23
1908.17	918.036
1909.62	915.462
1911.06	914.591
1912.5	904.714
1913.94	900.313
1915.39	897.785
1916.83	897.898
1918.27	898.213
1919.71	897.391
1921.15	896.68
1922.6	896.375
1924.03	896.27
1925.48	895.89
1926.91	895.847
1928.35	895.022
1929.79	894.472
1931.23	895.197
1932.67	897.476
1934.11	901.912
1935.54	906.985
1936.98	912.598
1938.42	918.523
1939.86	923.46
1941.29	918.808
1942.73	914.486
1944.16	910.799
1945.6	907.351
1947.03	905.187
1948.47	900.534
1949.9	905.577
1951.33	912.562
1952.77	911.886
1954.2	917.906
1955.63	919.568
1957.06	918.589
1958.49	916.085
1959.93	913.028
1961.36	910.175
1962.79	909.052
1964.22	912.909
1965.65	917.752
1967.08	925.401
1968.51	938.552
1969.93	943.562
1971.36	945.376
1972.79	940.914
1974.22	939.875
1975.65	941.753
1977.07	945.531
1978.5	950.356
1979.92	956.677
1981.35	958.662
1982.78	961.009
1984.2	963.848
1985.63	966.708
1987.05	967.925
1988.47	965.048
1989.9	961.748
1991.32	957.932
1992.74	953.866
1994.16	950.28
1995.59	952.604
1997.01	957.706
1998.43	963.848
1999.85	970.442
