20.7238	40.3728
21.9107	40.3055
23.0975	38.2113
24.2826	36.9754
25.469	35.9484
26.6537	34.2433
27.8383	33.0122
29.0241	32.3543
30.2083	32.2118
31.3923	32.6291
32.5761	33.5683
33.7598	35.0005
34.9433	36.9377
36.1266	40.5886
37.3082	46.2547
38.4911	52.2719
39.6739	58.7571
40.855	65.2376
42.0374	72.7798
43.2181	81.4935
44.4001	91.314
45.5805	100.925
46.7607	110.444
47.9407	121.699
49.1205	137.294
50.3002	154.465
51.4797	173.898
52.659	192.115
53.8381	207.137
55.0171	223.386
56.1943	238.632
57.3729	270.304
58.5513	294.057
59.7281	399.571
60.9047	507.429
62.0825	594
63.2588	576
64.4348	523.108
65.6107	437.391
66.7863	370.593
67.9618	318.614
69.1372	274.931
70.3123	258.341
71.4873	244.194
72.6621	239.718
73.8352	238.337
75.0097	239.949
76.1825	243.834
77.3566	237.914
78.529	237.51
79.7027	236.602
80.8748	235.881
82.0467	235.631
83.2184	236.413
84.39	237.677
85.5614	239.098
86.7326	240.748
87.9036	242.01
89.073	243.347
90.2436	245.233
91.4141	247.484
92.5829	250.903
93.7531	254.604
94.9216	258.877
96.0899	263.159
97.2595	261.453
98.4275	258.129
99.5953	256.731
100.763	256.667
101.93	258.093
103.098	260.883
104.265	265.328
105.432	270.729
106.597	276.644
107.763	281.226
108.928	283.365
110.094	289.369
111.259	303.522
112.425	321.837
113.589	358.748
114.753	403.219
115.917	458.326
117.081	530.396
118.244	622.036
119.408	736.964
120.571	877.744
121.734	1034.71
122.895	1150.17
124.058	1195.89
125.22	1144.93
126.381	1009.79
127.543	845.898
128.704	718.028
129.864	598.69
131.024	508.775
132.184	442.565
133.345	394.558
134.505	371.34
135.663	365.145
136.822	373.639
137.981	394.587
139.14	423.458
140.297	466.027
141.456	520.802
142.613	587.508
143.771	666.283
144.928	756.907
146.084	858.641
147.242	971.473
148.398	1074.71
149.554	1158.61
150.709	1113.05
151.865	1027.26
153.019	946.975
154.174	863.444
155.329	780.004
156.483	696.596
157.637	620.505
158.79	548.827
159.945	484.267
161.097	430.245
162.25	384.228
163.404	359.172
164.556	342.243
165.708	331.377
166.86	324.134
168.011	322.471
169.161	321.671
170.313	320.794
171.464	322.863
172.613	326.419
173.764	331.123
174.914	336.072
176.064	333.045
177.213	329.017
178.362	322.605
179.51	313.1
180.658	304.438
181.807	295.042
182.955	293.377
184.102	298.736
185.25	295.846
186.397	294.863
187.543	295.532
188.69	286.274
189.836	295.022
190.983	304.717
192.128	316.573
193.273	326.733
194.418	332.04
195.562	335.416
196.707	331.897
197.851	328.431
198.995	324.246
200.139	319.54
201.283	314.884
202.425	310.556
203.569	306.498
204.712	303
205.854	299.981
206.995	297.567
208.138	295.785
209.279	294.788
210.42	294.29
211.561	294.541
212.702	295.383
213.842	296.582
214.983	297.348
216.122	296.576
217.262	294.505
218.401	291.824
219.54	288.988
220.679	287.523
221.817	286.516
222.955	284.033
224.094	283.704
225.231	285.6
226.368	289.333
227.505	293.115
228.642	301.239
229.779	317.35
230.914	341.399
232.05	364.574
233.186	384.52
234.321	388.734
235.457	384.656
236.591	370.476
237.725	351.034
238.861	329.673
239.994	308.284
241.128	293.223
242.261	288.95
243.395	283.528
244.528	280.124
245.659	277.797
246.792	275.786
247.924	274.129
249.055	273.036
250.188	272.618
251.318	273.039
252.449	274.591
253.58	278.29
254.711	281.631
255.84	282.837
256.97	282.763
258.1	283
259.229	284.156
260.357	285.81
261.486	285.982
262.615	286.877
263.743	292.6
264.871	292.082
265.998	290.124
267.125	287.18
268.253	285.428
269.38	283.688
270.506	282.265
271.633	281.63
272.759	281.169
273.884	281.724
275.009	282.507
276.134	283.567
277.26	284.38
278.383	284.143
279.508	283.982
280.632	283.705
281.755	283.489
282.88	284.798
284.003	286.242
285.125	288.145
286.248	290.076
287.371	291.983
288.491	290.811
289.613	290.188
290.735	291.335
291.856	292.608
292.977	292.315
294.098	291.893
295.219	291.693
296.339	290.954
297.458	289.808
298.577	286.302
299.697	285.729
300.816	284.697
301.935	283.426
303.053	282.705
304.172	282.383
305.289	282.652
306.407	283.836
307.524	286.184
308.642	290.285
309.758	293.984
310.874	291.875
311.99	289.688
313.106	282.376
314.222	278.195
315.337	281.2
316.452	300.011
317.568	299.933
318.683	299.073
319.796	298.336
320.911	296.941
322.024	295.634
323.138	295.268
324.251	295.334
325.364	294.348
326.476	293.683
327.588	293.689
328.701	296.272
329.812	300.719
330.924	301.886
332.034	301.815
333.146	301.025
334.257	300.264
335.367	299.505
336.478	298.541
337.587	297.444
338.697	301.945
339.806	304.194
340.915	304.051
342.023	301.592
343.132	295.55
344.24	294.611
345.349	294.75
346.455	296.738
347.563	299.174
348.67	301.406
349.777	302.896
350.883	303.449
351.989	303.574
353.096	303.341
354.202	303.166
355.307	303.173
356.413	301.371
357.516	301.938
358.621	302.859
359.726	304.562
360.831	307.752
361.934	310.037
363.037	312.314
364.141	314.426
365.243	315.054
366.346	315.529
367.448	316.045
368.55	315.141
369.652	316.941
370.754	318.039
371.855	321.645
372.957	320.189
374.056	321.109
375.158	323.809
376.257	328.402
377.358	335.674
378.457	343.776
379.556	351.158
380.655	358.644
381.754	366.023
382.852	373.384
383.951	380.498
385.049	390.25
386.147	403.089
387.244	417.688
388.342	426.878
389.438	443.752
390.534	452.344
391.631	453.304
392.727	451.5
393.822	449.477
394.918	444.893
396.013	437.01
397.108	428.782
398.203	420.384
399.297	412.561
400.391	405.291
401.486	397.605
402.579	389.357
403.671	379.455
404.765	370.091
405.858	362.166
406.95	356.042
408.042	353.795
409.134	350.576
410.226	347.817
411.318	345.298
412.408	342.814
413.499	351.455
414.589	360.241
415.68	357.113
416.769	354.308
417.859	352.135
418.949	350.996
420.038	344.219
421.127	340.196
422.216	335.632
423.303	332.396
424.391	330.781
425.479	330.559
426.566	331.702
427.654	330.243
428.74	327.076
429.828	327.089
430.914	328.692
432	328.825
433.085	325.998
434.171	323.158
435.256	320.793
436.342	319.25
437.427	318.232
438.51	318.15
439.595	318.724
440.678	319.779
441.763	320.827
442.846	321.29
443.928	321.056
445.011	320.018
446.095	318.289
447.176	315.915
448.258	312.596
449.34	309.031
450.422	309.994
451.502	313.3
452.583	319.864
453.663	321.386
454.745	322.676
455.824	323.682
456.904	318.984
457.983	323.154
459.062	323.196
460.141	323.078
461.22	323.969
462.299	325.321
463.377	327.624
464.454	328.448
465.533	327.476
466.609	324.519
467.686	322.299
468.764	321.093
469.84	320.457
470.916	320.122
471.992	320.501
473.068	321.105
474.144	321.604
475.218	321.372
476.293	320.046
477.367	320.254
478.442	321.8
479.515	324.42
480.59	327.508
481.663	330.671
482.736	334.029
483.809	333.812
484.882	333.408
485.954	332.967
487.025	332.641
488.098	333.022
489.17	334.173
490.24	336.653
491.312	335.673
492.382	332.543
493.452	327.585
494.522	321.429
495.592	316.794
496.662	314.016
497.731	313.278
498.801	315.198
499.87	318.768
500.937	322.636
502.006	327.166
503.074	330.056
504.141	331.494
505.209	331.492
506.276	330.519
507.343	328.656
508.409	327.371
509.476	329.167
510.542	331.419
511.607	330.769
512.673	329.233
513.739	327.823
514.803	326.708
515.867	326.338
516.932	326.579
517.996	327.385
519.06	331.226
520.124	332.827
521.187	333.104
522.25	330.878
523.312	329.401
524.375	328.82
525.438	328.679
526.499	328.724
527.561	328.211
528.622	326.768
529.683	323.472
530.744	321.777
531.804	325.289
532.865	328.77
533.925	330.159
534.985	328.782
536.043	325.474
537.103	322.606
538.161	320.663
539.221	319.717
540.279	319.317
541.336	322.113
542.394	325.943
543.453	326.931
544.509	328.138
545.566	328.632
546.623	330.179
547.68	332.13
548.735	334.668
549.792	337.671
550.847	338.037
551.903	337.448
552.958	332.055
554.013	316.654
555.067	320.148
556.121	325.982
557.176	328.559
558.228	330.826
559.282	333.099
560.336	335.063
561.388	336.6
562.441	337.794
563.493	338.502
564.545	338.7
565.597	337.841
566.648	336.264
567.699	336.216
568.75	337.809
569.801	339.597
570.852	344.32
571.902	345.07
572.952	344.171
574.001	343.019
575.05	341.337
576.099	339.693
577.149	339.898
578.197	345.131
579.246	351.248
580.292	358.255
581.34	360.458
582.388	357.826
583.435	356.458
584.482	357.3
585.528	359.273
586.576	361.481
587.621	363.673
588.667	366.048
589.712	368.22
590.758	370.093
591.803	371.213
592.846	371.584
593.891	371.505
594.936	370.918
595.979	370.009
597.022	369.043
598.067	368.055
599.109	367.284
600.152	366.185
601.195	364.66
602.237	362.659
603.279	360.663
604.32	358.957
605.362	357.882
606.402	360.181
607.444	362.956
608.484	362.833
609.524	360.495
610.565	359.363
611.605	359.297
612.644	360.298
613.682	362.352
614.721	361.711
615.76	361.839
616.799	363.782
617.837	367.514
618.874	373.332
619.913	371.695
620.95	364.998
621.986	372.7
623.023	381.307
624.06	383.455
625.096	382.703
626.132	384.292
627.167	386.321
628.203	389.81
629.238	394.779
630.273	401.101
631.307	409.197
632.342	419.364
633.375	431.566
634.409	445.836
635.443	462.271
636.476	481.482
637.51	504.131
638.541	534.883
639.574	567.37
640.606	608.749
641.637	658.454
642.67	726.851
643.701	798.589
644.732	862.328
645.763	918.154
646.794	944.164
647.823	959.283
648.853	955.067
649.883	927.112
650.912	870.302
651.941	797.007
652.971	719.531
653.999	643.291
655.027	592.478
656.055	545.092
657.083	505.589
658.111	484.976
659.137	468.149
660.164	453.377
661.192	439.416
662.218	424.969
663.243	410.591
664.27	398.535
665.296	390.318
666.321	386.482
667.346	386.368
668.37	389.036
669.394	392.704
670.419	396.307
671.442	398.664
672.467	398.501
673.49	395.907
674.514	391.341
675.536	385.027
676.559	378.487
677.581	372.809
678.603	368.551
679.624	373.025
680.646	379.058
681.668	383.683
682.688	386.861
683.71	388.267
684.73	388.157
685.749	386.124
686.769	383.335
687.789	380.368
688.808	377.932
689.827	375.357
690.847	372.896
691.864	370.525
692.883	368.605
693.901	366.831
694.919	365.234
695.936	363.748
696.953	362.109
697.97	358.099
698.987	359.5
700.003	357.422
701.018	355.28
702.035	355.056
703.051	357.801
704.065	366.1
705.08	372.633
706.096	368.496
707.11	367.143
708.124	366.516
709.138	366.652
710.152	367.419
711.164	365.526
712.178	363.112
713.191	361.276
714.203	361.759
715.216	367.994
716.228	368.53
717.239	368.035
718.25	367.573
719.262	367.256
720.273	366.789
721.284	366.206
722.293	365.207
723.304	364.03
724.313	362.658
725.323	361.582
726.332	361.108
727.341	364.344
728.35	367.929
729.358	370.862
730.366	372.706
731.375	371.713
732.383	367.925
733.389	360.891
734.397	354.823
735.403	351.983
736.411	348.988
737.417	348.498
738.423	349.097
739.429	351.186
740.434	352.701
741.438	351.279
742.444	353.176
743.449	356.425
744.453	363.814
745.458	369.252
746.461	370.241
747.464	367.587
748.468	360.845
749.471	354.68
750.474	351.133
751.476	350.172
752.479	355.894
753.48	358.068
754.483	360.158
755.484	361.144
756.484	362.14
757.486	359.722
758.487	357.618
759.487	355.862
760.487	354.911
761.486	356.271
762.486	357.901
763.486	359.717
764.484	361.526
765.484	362.748
766.482	363.293
767.48	362.363
768.477	361.803
769.475	361.117
770.473	360.149
771.47	358.837
772.467	357.646
773.463	356.982
774.46	357.218
775.456	358.322
776.451	360.523
777.448	362.793
778.443	364.358
779.438	365.384
780.431	364.755
781.426	364.369
782.42	363.823
783.413	363.145
784.408	362.091
785.401	360.87
786.395	360.485
787.387	361.909
788.38	363.037
789.372	363.693
790.364	363.768
791.355	363.238
792.347	361.691
793.338	360.035
794.329	358.417
795.319	357.075
796.31	356.918
797.3	357.775
798.29	359.059
799.279	360.637
800.269	362.387
801.257	364.312
802.246	365.826
803.235	367.92
804.223	360.78
805.21	358.818
806.199	360.473
807.186	363.476
808.173	366.038
809.16	367.654
810.146	368.339
811.133	368.194
812.119	366.595
813.104	363.768
814.091	361.81
815.075	360.067
816.06	358.577
817.045	357.39
818.029	356.083
819.013	355.097
819.998	354.314
820.982	354.269
821.964	359.197
822.948	363.33
823.93	365.541
824.912	364.75
825.895	361.172
826.878	354.089
827.86	345.609
828.84	340.624
829.821	337.496
830.803	346.178
831.783	357.006
832.764	354.075
833.744	353.858
834.723	353.377
835.703	352.554
836.682	351.972
837.661	351.592
838.64	351.335
839.619	351.07
840.598	350.375
841.575	348.922
842.552	346.682
843.53	346.551
844.507	347.276
845.484	348.533
846.461	349.216
847.437	349.909
848.414	350.542
849.389	351.126
850.365	351.545
851.339	351.771
852.315	351.993
853.29	352.292
854.264	352.832
855.238	353.48
856.212	354.225
857.186	355.301
858.16	356.485
859.132	357.808
860.106	359.084
861.078	360.423
862.05	361.675
863.023	362.376
863.995	362.098
864.966	357.777
865.937	354.411
866.907	353.431
867.879	353.754
868.85	355.087
869.819	358.171
870.789	361.477
871.759	360.077
872.728	358.101
873.698	357.164
874.666	356.899
875.635	357.15
876.603	357.229
877.571	357.44
878.538	357.682
879.507	358.504
880.473	359.35
881.44	359.682
882.407	359.303
883.373	355.325
884.339	350.249
885.306	342.914
886.272	346.548
887.236	361.16
888.202	358.24
889.167	355.657
890.131	354.013
891.095	352.594
892.059	351.268
893.023	350.211
893.987	349.703
894.95	348.592
895.912	347.84
896.876	347.802
897.838	348.239
898.801	349.811
899.762	352.479
900.724	355.293
901.685	357.499
902.646	357.907
903.606	358.117
904.567	358.011
905.528	357.433
906.488	356.606
907.447	355.159
908.406	353.344
909.367	351.06
910.326	349.68
911.283	350.467
912.242	351.73
913.2	354.234
914.157	355.722
915.116	356.26
916.073	355.738
917.029	355.175
917.987	354.34
918.944	354.406
919.9	355.992
920.855	357.376
921.811	358.388
922.767	359.186
923.722	358.761
924.676	356.967
925.632	355.104
926.586	352.938
927.54	353.073
928.494	354.321
929.448	356.79
930.4	358.336
931.354	358.314
932.306	357.909
933.259	357.595
934.211	356.995
935.163	355.823
936.115	356.015
937.066	357.383
938.018	358.055
938.969	358.17
939.92	357.991
940.87	357.925
941.82	357.729
942.77	357.47
943.719	357.101
944.669	356.698
945.618	356.313
946.567	355.786
947.515	353.176
948.463	349.077
949.411	349.729
950.359	352.704
951.307	358.448
952.254	354.824
953.201	356.869
954.147	360.856
955.094	364.806
956.04	359.913
956.985	357.929
957.931	357.15
958.876	357.228
959.822	356.889
960.766	347.818
961.711	346.497
962.655	348.264
963.599	352.839
964.543	357.18
965.486	363.648
966.43	365.748
967.372	365.528
968.315	362.869
969.257	359.091
970.199	353.951
971.141	351.673
972.083	353.982
973.025	357.541
973.966	359.864
974.906	361.571
975.847	362.774
976.787	363.339
977.727	363.394
978.666	362.584
979.606	361.054
980.545	359.028
981.484	357.198
982.423	362.277
983.361	363.569
984.3	361.119
985.237	359.312
986.174	360.065
987.113	361.373
988.05	363.62
988.987	365.852
989.922	367.803
990.859	369.219
991.796	369.92
992.731	370.166
993.666	369.057
994.602	366.945
995.537	364.275
996.471	360.702
997.406	357.007
998.34	351.626
999.273	366.368
